51 1200
1100 1200
610 1200
59 1200
1200 1200
1200 1200
1200 1200
59 1200
1100 1200
1100 1200
366 1200
21 1200
11 1200
39 1200
21 1200
1000 1200
39 1200
49 1200
1100 1200
11 1200
1000 1200
39 1200
100 1200
1 1200
1000 1200
1000 1200
1000 1200
1000 1200
1000 1200
1000 1200
1000 1200
1 1200
1000 1200
1 1200
39 1200
39 1200
1 1200
1000 1200
1000 1200
1000 1200
100 1200
1000 1200
39 1200
1 1200
1 1200
1000 1200
1000 1200
1000 1200
1 1200
1 1200
1 1200
1 1200
1 1200
39 1200
1 1200
1000 1200
1000 1200
1000 1200
39 1200
1 1200
999 1200
1 1200
1000 1200
1000 1200
813 1200
1 1200
1 1200
1000 1200
1000 1200
1000 1200
1000 1200
1000 1200
1 1200
86 1200
1 1200
3 1200
1000 1200
1 1200
1000 1200
1000 1200
101 1320
1300 1320
110 1320
1300 1320
1200 1320
21 1320
49 1320
11 1320
11 1320
1 1320
11 1320
1000 1320
11 1320
1100 1320
11 1320
1 1320
11 1320
11 1320
11 1320
1000 1320
800 1320
1000 1320
39 1320
1 1320
1000 1320
1 1320
1000 1320
100 1320
999 1320
39 1320
31 1320
1000 1320
1 1320
39 1320
1000 1320
1 1320
1000 1320
1000 1320
1 1320
1000 1320
1 1320
1000 1320
1000 1320
1 1320
1000 1320
1000 1320
1000 1320
1000 1320
1000 1320
1000 1320
1000 1320
500 1320
1 1320
1 1320
1000 1320
480 1320
980 1320
1000 1320
1 1320
39 1320
610 1080
1050 1080
21 1080
1000 1080
21 1080
1 1080
11 1080
11 1080
49 1080
13 1080
11 1080
1 1080
1000 1080
1000 1080
1 1080
39 1080
1 1080
1000 1080
39 1080
1000 1080
1 1080
1000 1080
39 1080
1000 1080
39 1080
1000 1080
39 1080
100 1080
1000 1080
1000 1080
1 1080
1000 1080
100 1080
1000 1080
1 1080
39 1080
1 1080
1 1080
1 1080
1000 1080
39 1080
1 1080
1 1080
1000 1080
1 1080
100 1080
1000 1080
1 1080
1 1080
1 1080
1000 1080
39 1080
1 1080
1 1080
1 1080
1 1080
1000 1080
1 1080
1 1080
1 1080
1000 1320
1 1320
1000 1320
1 1320
1 1320
1000 1320
1 1320
1000 1320
1 1320
1000 1320
1 1320
1 1320
1 1320
100 1320
1 1320
1 1320
1000 1320
1 1320
1000 1320
980 1320
1000 1320
980 1320
1000 1320
1000 1320
1000 1320
1000 1320
1000 1320
500 1320
1000 1320
300 1320
1000 1320
980 1320
199 1320
1 1320
1000 1320
1000 1320
980 1320
980 1320
1000 1320
1000 1320
1000 1320
1000 1320
3 1320
1000 1320
980 1320
1000 1320
199 1320
1000 1320
749 1320
956 1320
1000 1320
1000 1320
1 1320
1 1320
1000 1320
1000 1320
1000 1320
1000 1320
1 1320
100 1320
1 1320
1000 1320
100 1320
1 1320
1000 1320
1 1320
1000 1320
1000 1320
1000 1320
1 1320
1000 1320
1000 1320
1000 1320
1 1320
1000 1320
1000 1320
1 1320
1 1320
11 1320
11 1320
1100 1320
1100 1320
11 1320
1000 1320
49 1320
1000 1320
11 1320
1200 1320
21 1320
21 1320
1200 1320
120 1320
31 1320
41 1320
41 1320
1200 1320
21 1320
1001 1320
