1109
8845
6169
1040
1038
6168
3106
8433
1046
1104
8460
9916
8464
8463
8462
8461
8455
8451
7442
6676
6674
6673
5555
7408
7426
1108
3008
1107
1105
7441
3140
3402
3401
3400
1106
1095
1077
3171
3170
1102
1101
3167
3168
6134
5100
7980
7960
7946
7932
7931
7928
7920
7904
6645
6639
1103
1100
1099
3169
5149
4101
1093
1090
8465
8456
7446
7445
7440
7443
8458
6672
7902
7886
7415
1097
3166
1081
1079
1080
3165
1094
3027
1064
8448
7416
8416
8434
8424
1098
7984
7983
7431
4044
4040
4037
4027
3067
3051
1096
1078
1092
7892
1089
8450
7749
5506
2719
2718
2717
2716
2715
2714
2713
2712
2705
2704
2702
2699
2695
2691
2686
2685
2684
2683
2682
2681
2680
2679
2675
2674
2673
2672
2671
2670
2669
2668
2667
2666
2665
2664
2663
2662
2661
2660
2659
2658
2657
2656
2655
2632
2625
2623
2622
2620
2619
2617
2616
2615
2614
2613
2612
2611
2610
2609
2608
2607
2606
2605
2604
2603
2602
2601
2600
2599
2598
2597
2596
2595
2594
2593
2591
2590
2589
2588
2587
2586
2585
2584
2583
2582
2581
2580
2579
2578
2577
2576
2573
2572
2571
2570
2569
2568
2567
2565
2564
2563
2562
2561
2559
2558
2557
2556
2555
2554
2553
2552
2551
2550
2549
2548
2547
2546
2545
2544
2543
2542
2541
2540
3149
6667
3163
3162
3160
3158
3157
3164
3161
3159
3156
3155
1091
1088
1087
1086
1084
1083
3002
3142
3148
3143
3145
1073
3144
3003
3004
3007
3010
3012
3009
3018
3150
3023
3022
3020
3044
3024
3054
3025
3045
3052
3072
3073
3055
3062
3071
3068
3057
3086
3098
3115
3097
5108
4019
4047
5120
5510
6125
6637
7236
5113
7897
7906
7918
7919
7929
7951
7957
7947
7956
7925
7944
7962
1082
3141
8906
8917
7965
5007
6642
7905
7954
7909
7242
7917
7911
8042
6144
1016
1013
1022
8833
3039
8830
7971
8889
7970
6617
7938
7879
4050
7884
8905
8903
7239
6123
6122
6121
1012
8446
7841
7822
8862
8879
7834
7866
8815
7796
8860
7860
8893
8888
7992
8927
8911
7982
7961
7935
7973
7968
7934
7930
7745
7805
7875
8852
8863
3931
3930
3929
3928
3927
3926
3925
3924
3923
3922
3921
3920
3919
3918
3917
3916
3915
3914
3913
3912
3911
3910
3909
3908
3907
3906
3905
3904
3903
3902
3901
3900
3899
3898
3897
3896
3895
3894
3893
3892
3891
3890
3889
3888
3887
3886
3885
3884
3883
3882
3881
3880
3879
3878
3877
3876
3875
3874
3873
3872
3871
3870
3869
3868
3867
3866
3865
3864
3863
3862
3861
3860
3859
3858
3857
3856
3855
3854
3853
3852
3851
3850
3849
3848
3847
3846
3845
3844
3843
3842
3841
3840
3839
3838
3837
3836
3835
3834
3833
3832
3831
3830
3829
3828
3827
3826
3825
3824
3823
3822
3821
3820
3819
3818
3817
3816
3815
3814
3813
3812
3811
3810
3809
3808
3807
3806
3805
3804
3803
3802
3801
3800
3799
3798
3797
3796
3795
3794
3793
3792
3791
3790
3789
3788
3787
3786
3785
3784
3783
3782
3781
3780
3779
3778
3777
3776
3775
3774
3773
3772
3771
3770
3769
3768
3767
3766
3765
3764
3763
3762
3761
3760
3759
3758
3757
3756
3755
3754
3753
3752
3751
3750
3749
3748
3747
3746
3745
3744
3743
3742
3741
3740
3739
3738
3737
3736
3735
3734
3733
3732
3731
3730
3729
3728
3727
3726
3725
3724
3723
3722
3721
3720
3719
3718
3717
3716
3715
3714
3713
3712
3711
3710
3709
3708
3707
3706
3705
3704
3703
3702
3701
3700
3699
3698
3697
3696
3154
3153
3695
3694
3693
3692
3691
3690
3689
3688
3687
3686
3685
3684
3683
3682
3681
3680
3679
3678
3677
3676
3675
3674
3673
3672
3671
3670
3669
3668
3667
3666
3665
3664
3663
3662
3661
3660
3659
3658
3657
3656
3655
3654
3653
3652
3651
3650
3649
3648
3647
3646
3645
3644
3643
3642
3641
3640
3639
3638
3637
3636
3635
3634
3633
3632
3631
3630
3629
3628
3627
3626
3625
3624
3623
3622
3621
3620
3619
3618
3617
3616
3615
3614
8891
8895
8922
8117
5137
4106
5148
1076
6147
3516
3517
8445
8853
8810
7758
7739
3090
3123
8887
7816
6161
6611
7436
7861
1018
8821
8868
7878
7899
7828
7772
7156
7207
7104
3152
8907
7966
7912
7895
6653
6131
6120
3099
3095
3085
3070
3064
3058
3049
3046
7433
3094
3028
3043
3042
3038
3034
3040
3033
7112
9902
8813
7837
8399
3151
8413
9914
9913
9912
9911
8441
8404
8436
8435
8407
7428
7411
7407
1074
3036
1011
3037
8408
8410
8402
8403
3613
1068
7994
1075
8418
3077
3017
3016
7098
7427
8447
7948
8828
8883
5153
7851
1023
5501
7409
1072
1030
8452
8440
8457
8415
8412
8439
8454
8422
8411
7412
6666
7432
7414
7413
7410
7406
7405
7404
7402
7277
7278
7403
7422
7815
3147
3146
1048
8442
8432
8430
7438
7437
7420
6670
6668
7883
3514
3512
3515
6049
7735
3513
3518
8898
8443
8437
8429
8428
8401
7435
7430
7425
7418
6669
8431
8423
8400
7429
7424
7400
6671
8923
3559
3558
3577
3563
3543
3540
3530
3580
3581
3546
3521
3561
3532
3536
3537
3538
3539
3525
3551
3553
3555
3567
3572
3570
3528
3548
3527
3531
3535
3533
3523
3524
3565
3568
3520
3578
3542
3519
3579
3534
3576
3556
3603
3544
3582
3571
3602
3596
3575
3522
3612
3589
3557
3566
3590
3545
3560
3605
3599
3529
3584
3547
3550
3600
3588
3611
3573
3574
3586
3608
3595
3604
3587
3583
3598
3607
3549
3554
3591
3594
3592
3606
3541
3609
3593
3552
3526
3562
3585
3610
3601
3569
8420
7434
7419
8873
7836
7853
7714
5504
6646
1070
8444
8427
7421
3510
3509
3508
7255
8135
5147
7832
7894
7028
3511
3507
3506
3505
3504
3503
3502
1066
7417
1071
7423
8419
8426
8425
1065
8438
7730
1067
1063
8935
7267
1060
6624
7220
7830
7838
7977
5122
7793
7827
7903
7835
7217
8933
7901
8122
7252
6171
5154
5127
8936
7865
1059
3134
3019
1062
2146826273
1045
3048
8840
7259
1061
1041
7785
7722
8914
8406
7094
7848
6170
7273
1058
1057
1056
1055
1054
7833
7955
7719
7791
7869
8829
8843
4049
7088
8104
7274
7882
7275
7263
3138
3137
3136
1053
1052
1051
1050
1049
1047
1037
1027
3013
7847
7949
6110
3063
3053
1034
7276
7839
7724
7767
7224
7107
8849
2001
8902
1043
7784
7820
7831
7846
7729
7752
7876
7177
8896
6648
1042
8811
7840
7759
7826
7214
5082
5128
5123
3026
8931
7872
7877
7910
8807
7272
6152
1039
789
3032
4401
3030
3139
3135
3133
3132
3131
3122
3121
1036
3130
3129
3128
8128
6651
7873
8881
3092
3069
3005
6146
8134
8133
8132
8131
8130
8129
8127
7271
7270
7269
7268
6166
7254
5507
3093
3091
4031
3014
3001
1009
8126
8125
8124
8123
8121
7260
7258
7257
7256
7250
7247
7246
6165
6164
6163
6162
6160
6150
6149
6148
6145
6143
6142
6141
6140
6138
6136
5152
5151
5150
5146
5145
5144
5143
5142
5141
5140
5139
5138
5136
5135
5134
5133
5132
5131
5130
5129
5126
5125
5124
4110
4109
4108
4107
4105
4104
4103
4102
3035
8858
7945
7896
7773
7787
7763
7152
5093
3015
8894
8901
7868
6618
6623
3066
3065
8120
7266
7265
7264
7262
7261
6159
6158
6157
6156
6155
6154
6153
6151
6079
3111
1031
7979
7813
7119
6626
6104
6105
4046
5047
3127
3126
3125
3124
3120
3119
3118
3117
3116
3114
3113
3112
3108
3107
3105
3104
3103
3102
3101
3100
3096
8920
6647
8908
8102
6655
8892
7976
7769
1010
7817
7762
7218
7149
7162
7194
7141
6109
5088
4029
3089
3088
3087
3084
3083
3082
3081
3080
3079
3078
3076
3075
3074
7854
5505
7881
7800
7221
6622
5096
6048
7953
1029
1019
1028
1025
1021
1020
1014
3047
8884
3031
6616
8899
8928
8880
8882
8890
7130
7229
6106
7041
8913
8857
8097
6108
1002
7871
3061
3060
3059
3056
3050
8119
8118
8116
8115
8114
8113
8112
7253
7251
9150
8107
8106
8103
7249
7245
7244
7243
6139
6135
1026
1024
8806
7241
5508
1015
5503
3041
8861
7885
3029
3011
7823
7898
7889
7963
7113
8900
5095
8916
7907
7844
8885
7940
7974
7786
6643
8934
6115
4033
7937
7169
9904
8036
8929
8904
8870
7825
7811
7228
7223
7058
5502
5092
5087
8859
8856
8850
8835
8817
8816
8098
8039
7981
7870
7818
8805
5107
7943
7893
7927
7933
6116
7771
8838
8924
7942
6640
8919
6635
7908
8915
4034
6114
6133
4009
5097
5099
5512
8918
8869
4022
8912
6636
5116
6644
6641
7959
6633
7972
8909
7913
7958
7952
7950
7939
7916
6634
8876
6649
6638
7915
8848
6628
7926
4036
4045
6072
1712
6631
7707
7174
6629
7765
6650
4043
4042
6118
5117
5101
4039
4041
6124
7807
5102
7842
7856
8867
7810
7795
5073
6132
5118
5119
5121
6630
5105
5074
8812
5098
7234
8855
6112
7237
6130
5112
1701
6119
7794
8878
5052
5114
6126
4026
7238
7231
4035
6606
7857
7845
5070
7804
7783
8877
7779
6117
5111
4048
6127
6129
7232
5091
5115
9903
5103
8854
6607
6615
7859
7855
6128
7774
7240
6113
4006
7788
6062
7219
7233
7887
7890
7874
7880
5509
6619
6625
7824
8872
8866
6620
5027
8041
4014
8101
8808
4011
7891
6621
4032
7235
7230
8804
5079
7705
7801
6103
7867
8865
5060
8832
6609
6102
6612
7721
6601
8874
7862
7089
8100
7852
7829
7843
7731
6613
6094
6101
6093
6098
7055
6107
7118
7117
1522
7035
8038
7100
6088
8846
7864
8099
8005
7819
7777
7727
7225
8871
7725
7738
7227
5090
5086
8886
8841
1001
7226
6100
7741
7770
5089
7808
7809
7821
7081
7858
7850
7143
4030
7776
7863
8864
5084
8851
7802
7799
8836
7790
205
7213
7212
7803
7849
6092
7782
7215
7216
6099
5085
17003
6614
774
6097
5083
195
6003
7814
8819
7706
6604
5053
225
5075
8842
7200
7778
8822
8802
7750
7740
7711
7792
7710
5081
7138
0001
7208
7812
7102
4028
7755
6058
7734
8033
5077
7775
6608
7195
1
7780
7754
8825
7189
6080
7726
8809
6022
7210
7211
8037
8834
6042
8839
8824
7140
6090
7170
7205
5019
7099
7742
6061
8831
8827
8823
7732
8002
7129
4017
8017
7751
7209
7766
5057
6096
7182
5080
7199
7023
8027
5023
7171
6043
6030
7084
7086
6064
6605
6041
7125
7712
8801
7789
6087
7183
7781
8820
7198
8814
7736
6037
7163
6095
7206
7204
7203
7202
7201
6091
7743
7798
8016
8019
8837
7124
6089
7715
7737
1803
8847
7095
9901
6050
7723
4002
5025
6055
8020
8032
7075
7014
7701
4025
7761
8826
5071
7764
7760
4004
7128
7167
7064
7753
7797
7747
7197
798
7708
5064
5029
7728
8024
7126
8030
7076
5058
7768
6054
7165
7057
7166
7733
6603
6075
5056
7756
1802
5055
5045
5003
5063
8803
6045
6076
5054
5031
5062
7716
7744
5049
5046
4010
7077
6602
4003
7713
7757
7748
4021
7154
7746
6073
7718
7168
7030
7720
5043
8031
4012
6082
6060
6077
1519
7178
1711
4008
1516
5044
4015
6059
6078
4005
1704
1518
4007
5040
7703
4020
1714
5036
7173
6069
7709
5041
7175
5033
5050
6067
5035
7179
6063
17001
5032
1517
7087
7148
8012
7151
7116
5030
7172
7176
6004
6019
7091
7153
8015
7164
16000
6040
7161
6057
7142
5028
5026
7110
5024
6052
7145
7066
6047
7120
7111
8028
783
6056
6051
7005
8014
7108
8021
7106
7002
7150
7101
7137
7131
7133
7115
5011
8025
7072
6038
7123
8011
15001
7039
7121
1511
5014
5020
7136
7114
6032
7109
7132
7146
7078
5016
5017
7025
7147
7105
5013
8026
7135
6021
7134
6053
7144
7096
6036
4001
6014
7038
7127
8013
6046
5015
7097
7074
6044
7082
7103
8003
7045
7050
7085
7006
7073
7067
5008
7047
8092
7080
799
7004
7079
7083
5006
516
6008
285
7071
517
8010
7090
7092
5012
7056
5004
6031
7040
7010
8004
7021
7070
7068
8009
7007
777
6000
7046
7031
6028
7044
7011
6013
6009
6005
7022
6034
7052
7020
7026
6023
7034
5010
7061
1403
7032
6001
7012
8001
5005
7013
7063
7065
6027
6002
6016
7027
6024
6025
5009
8006
6011
7036
795
7053
7051
6017
7029
6010
7024
7008
7033
761
762
6006
792
7043
7054
7060
6026
7019
7016
7017
727
7015
7018
6015
6018
7001
5001
778
518
6007
5002
6012
7003
1702
1706
1606
1707
5
1607
1777
1618
1515
724
788
725
794
746
773
797
791
771
730
740
782
796
630
763
772
780
627
787
717
624
790
779
626
781
623
625
728
786
743
1801
701
1705
1504
511
1612
1614
1505
1617
1521
1404
1737
736
715
1703
1501
1710
512
760
735
714
1610
1611
732
1615
1520
718
731
1616
1613
1609
741
726
1708
215
7
1109
8845
6169
1040
1038
6168
3106
8433
1046
1104
8460
9916
8464
8463
8462
8461
8455
8451
7442
6676
6674
6673
5555
7408
7426
1108
3008
1107
1105
7441
3140
3402
3401
3400
1106
1095
1077
3171
3170
1102
1101
3167
3168
6134
5100
7980
7960
7946
7932
7931
7928
7920
7904
6645
6639
1103
1100
1099
3169
5149
4101
1093
1090
8465
8456
7446
7445
7440
7443
8458
6672
7902
7886
7415
1097
3166
1081
1079
1080
3165
1094
3027
1064
8448
7416
8416
8434
8424
1098
7984
7983
7431
4044
4040
4037
4027
3067
3051
1096
1078
1092
7892
1089
8450
7749
5506
2719
2718
2717
2716
2715
2714
2713
2712
2705
2704
2702
2699
2695
2691
2686
2685
2684
2683
2682
2681
2680
2679
2675
2674
2673
2672
2671
2670
2669
2668
2667
2666
2665
2664
2663
2662
2661
2660
2659
2658
2657
2656
2655
2632
2625
2623
2622
2620
2619
2617
2616
2615
2614
2613
2612
2611
2610
2609
2608
2607
2606
2605
2604
2603
2602
2601
2600
2599
2598
2597
2596
2595
2594
2593
2591
2590
2589
2588
2587
2586
2585
2584
2583
2582
2581
2580
2579
2578
2577
2576
2573
2572
2571
2570
2569
2568
2567
2565
2564
2563
2562
2561
2559
2558
2557
2556
2555
2554
2553
2552
2551
2550
2549
2548
2547
2546
2545
2544
2543
2542
2541
2540
3149
6667
3163
3162
3160
3158
3157
3164
3161
3159
3156
3155
1091
1088
1087
1086
1084
1083
3002
3142
3148
3143
3145
1073
3144
3003
3004
3007
3010
3012
3009
3018
3150
3023
3022
3020
3044
3024
3054
3025
3045
3052
3072
3073
3055
3062
3071
3068
3057
3086
3098
3115
3097
5108
4019
4047
5120
5510
6125
6637
7236
5113
7897
7906
7918
7919
7929
7951
7957
7947
7956
7925
7944
7962
1082
3141
8906
8917
7965
5007
6642
7905
7954
7909
7242
7917
7911
8042
6144
1016
1013
1022
8833
3039
8830
7971
8889
7970
6617
7938
7879
4050
7884
8905
8903
7239
6123
6122
6121
1012
8446
7841
7822
8862
8879
7834
7866
8815
7796
8860
7860
8893
8888
7992
8927
8911
7982
7961
7935
7973
7968
7934
7930
7745
7805
7875
8852
8863
3931
3930
3929
3928
3927
3926
3925
3924
3923
3922
3921
3920
3919
3918
3917
3916
3915
3914
3913
3912
3911
3910
3909
3908
3907
3906
3905
3904
3903
3902
3901
3900
3899
3898
3897
3896
3895
3894
3893
3892
3891
3890
3889
3888
3887
3886
3885
3884
3883
3882
3881
3880
3879
3878
3877
3876
3875
3874
3873
3872
3871
3870
3869
3868
3867
3866
3865
3864
3863
3862
3861
3860
3859
3858
3857
3856
3855
3854
3853
3852
3851
3850
3849
3848
3847
3846
3845
3844
3843
3842
3841
3840
3839
3838
3837
3836
3835
3834
3833
3832
3831
3830
3829
3828
3827
3826
3825
3824
3823
3822
3821
3820
3819
3818
3817
3816
3815
3814
3813
3812
3811
3810
3809
3808
3807
3806
3805
3804
3803
3802
3801
3800
3799
3798
3797
3796
3795
3794
3793
3792
3791
3790
3789
3788
3787
3786
3785
3784
3783
3782
3781
3780
3779
3778
3777
3776
3775
3774
3773
3772
3771
3770
3769
3768
3767
3766
3765
3764
3763
3762
3761
3760
3759
3758
3757
3756
3755
3754
3753
3752
3751
3750
3749
3748
3747
3746
3745
3744
3743
3742
3741
3740
3739
3738
3737
3736
3735
3734
3733
3732
3731
3730
3729
3728
3727
3726
3725
3724
3723
3722
3721
3720
3719
3718
3717
3716
3715
3714
3713
3712
3711
3710
3709
3708
3707
3706
3705
3704
3703
3702
3701
3700
3699
3698
3697
3696
3154
3153
3695
3694
3693
3692
3691
3690
3689
3688
3687
3686
3685
3684
3683
3682
3681
3680
3679
3678
3677
3676
3675
3674
3673
3672
3671
3670
3669
3668
3667
3666
3665
3664
3663
3662
3661
3660
3659
3658
3657
3656
3655
3654
3653
3652
3651
3650
3649
3648
3647
3646
3645
3644
3643
3642
3641
3640
3639
3638
3637
3636
3635
3634
3633
3632
3631
3630
3629
3628
3627
3626
3625
3624
3623
3622
3621
3620
3619
3618
3617
3616
3615
3614
8891
8895
8922
8117
5137
4106
5148
1076
6147
3516
3517
8445
8853
8810
7758
7739
3090
3123
8887
7816
6161
6611
7436
7861
1018
8821
8868
7878
7899
7828
7772
7156
7207
7104
3152
8907
7966
7912
7895
6653
6131
6120
3099
3095
3085
3070
3064
3058
3049
3046
7433
3094
3028
3043
3042
3038
3034
3040
3033
7112
9902
8813
7837
8399
3151
8413
9914
9913
9912
9911
8441
8404
8436
8435
8407
7428
7411
7407
1074
3036
1011
3037
8408
8410
8402
8403
3613
1068
7994
1075
8418
3077
3017
3016
7098
7427
8447
7948
8828
8883
5153
7851
1023
5501
7409
1072
1030
8452
8440
8457
8415
8412
8439
8454
8422
8411
7412
6666
7432
7414
7413
7410
7406
7405
7404
7402
7277
7278
7403
7422
7815
3147
3146
1048
8442
8432
8430
7438
7437
7420
6670
6668
7883
3514
3512
3515
6049
7735
3513
3518
8898
8443
8437
8429
8428
8401
7435
7430
7425
7418
6669
8431
8423
8400
7429
7424
7400
6671
8923
3559
3558
3577
3563
3543
3540
3530
3580
3581
3546
3521
3561
3532
3536
3537
3538
3539
3525
3551
3553
3555
3567
3572
3570
3528
3548
3527
3531
3535
3533
3523
3524
3565
3568
3520
3578
3542
3519
3579
3534
3576
3556
3603
3544
3582
3571
3602
3596
3575
3522
3612
3589
3557
3566
3590
3545
3560
3605
3599
3529
3584
3547
3550
3600
3588
3611
3573
3574
3586
3608
3595
3604
3587
3583
3598
3607
3549
3554
3591
3594
3592
3606
3541
3609
3593
3552
3526
3562
3585
3610
3601
3569
8420
7434
7419
8873
7836
7853
7714
5504
6646
1070
8444
8427
7421
3510
3509
3508
7255
8135
5147
7832
7894
7028
3511
3507
3506
3505
3504
3503
3502
1066
7417
1071
7423
8419
8426
8425
1065
8438
7730
1067
1063
8935
7267
1060
6624
7220
7830
7838
7977
5122
7793
7827
7903
7835
7217
8933
7901
8122
7252
6171
5154
5127
8936
7865
1059
3134
3019
1062
2146826273
1045
3048
8840
7259
1061
1041
7785
7722
8914
8406
7094
7848
6170
7273
1058
1057
1056
1055
1054
7833
7955
7719
7791
7869
8829
8843
4049
7088
8104
7274
7882
7275
7263
3138
3137
3136
1053
1052
1051
1050
1049
1047
1037
1027
3013
7847
7949
6110
3063
3053
1034
7276
7839
7724
7767
7224
7107
8849
2001
8902
1043
7784
7820
7831
7846
7729
7752
7876
7177
8896
6648
1042
8811
7840
7759
7826
7214
5082
5128
5123
3026
8931
7872
7877
7910
8807
7272
6152
1039
789
3032
4401
3030
3139
3135
3133
3132
3131
3122
3121
1036
3130
3129
3128
8128
6651
7873
8881
3092
3069
3005
6146
8134
8133
8132
8131
8130
8129
8127
7271
7270
7269
7268
6166
7254
5507
3093
3091
4031
3014
3001
1009
8126
8125
8124
8123
8121
7260
7258
7257
7256
7250
7247
7246
6165
6164
6163
6162
6160
6150
6149
6148
6145
6143
6142
6141
6140
6138
6136
5152
5151
5150
5146
5145
5144
5143
5142
5141
5140
5139
5138
5136
5135
5134
5133
5132
5131
5130
5129
5126
5125
5124
4110
4109
4108
4107
4105
4104
4103
4102
3035
8858
7945
7896
7773
7787
7763
7152
5093
3015
8894
8901
7868
6618
6623
3066
3065
8120
7266
7265
7264
7262
7261
6159
6158
6157
6156
6155
6154
6153
6151
6079
3111
1031
7979
7813
7119
6626
6104
6105
4046
5047
3127
3126
3125
3124
3120
3119
3118
3117
3116
3114
3113
3112
3108
3107
3105
3104
3103
3102
3101
3100
3096
8920
6647
8908
8102
6655
8892
7976
7769
1010
7817
7762
7218
7149
7162
7194
7141
6109
5088
4029
3089
3088
3087
3084
3083
3082
3081
3080
3079
3078
3076
3075
3074
7854
5505
7881
7800
7221
6622
5096
6048
7953
1029
1019
1028
1025
1021
1020
1014
3047
8884
3031
6616
8899
8928
8880
8882
8890
7130
7229
6106
7041
8913
8857
8097
6108
1002
7871
3061
3060
3059
3056
3050
8119
8118
8116
8115
8114
8113
8112
7253
7251
9150
8107
8106
8103
7249
7245
7244
7243
6139
6135
1026
1024
8806
7241
5508
1015
5503
3041
8861
7885
3029
3011
7823
7898
7889
7963
7113
8900
5095
8916
7907
7844
8885
7940
7974
7786
6643
8934
6115
4033
7937
7169
9904
8036
8929
8904
8870
7825
7811
7228
7223
7058
5502
5092
5087
8859
8856
8850
8835
8817
8816
8098
8039
7981
7870
7818
8805
5107
7943
7893
7927
7933
6116
7771
8838
8924
7942
6640
8919
6635
7908
8915
4034
6114
6133
4009
5097
5099
5512
8918
8869
4022
8912
6636
5116
6644
6641
7959
6633
7972
8909
7913
7958
7952
7950
7939
7916
6634
8876
6649
6638
7915
8848
6628
7926
4036
4045
6072
1712
6631
7707
7174
6629
7765
6650
4043
4042
6118
5117
5101
4039
4041
6124
7807
5102
7842
7856
8867
7810
7795
5073
6132
5118
5119
5121
6630
5105
5074
8812
5098
7234
8855
6112
7237
6130
5112
1701
6119
7794
8878
5052
5114
6126
4026
7238
7231
4035
6606
7857
7845
5070
7804
7783
8877
7779
6117
5111
4048
6127
6129
7232
5091
5115
9903
5103
8854
6607
6615
7859
7855
6128
7774
7240
6113
4006
7788
6062
7219
7233
7887
7890
7874
7880
5509
6619
6625
7824
8872
8866
6620
5027
8041
4014
8101
8808
4011
7891
6621
4032
7235
7230
8804
5079
7705
7801
6103
7867
8865
5060
8832
6609
6102
6612
7721
6601
8874
7862
7089
8100
7852
7829
7843
7731
6613
6094
6101
6093
6098
7055
6107
7118
7117
1522
7035
8038
7100
6088
8846
7864
8099
8005
7819
7777
7727
7225
8871
7725
7738
7227
5090
5086
8886
8841
1001
7226
6100
7741
7770
5089
7808
7809
7821
7081
7858
7850
7143
4030
7776
7863
8864
5084
8851
7802
7799
8836
7790
205
7213
7212
7803
7849
6092
7782
7215
7216
6099
5085
17003
6614
774
6097
5083
195
6003
7814
8819
7706
6604
5053
225
5075
8842
7200
7778
8822
8802
7750
7740
7711
7792
7710
5081
7138
0001
7208
7812
7102
4028
7755
6058
7734
8033
5077
7775
6608
7195
1
7780
7754
8825
7189
6080
7726
8809
6022
7210
7211
8037
8834
6042
8839
8824
7140
6090
7170
7205
5019
7099
7742
6061
8831
8827
8823
7732
8002
7129
4017
8017
7751
7209
7766
5057
6096
7182
5080
7199
7023
8027
5023
7171
6043
6030
7084
7086
6064
6605
6041
7125
7712
8801
7789
6087
7183
7781
8820
7198
8814
7736
6037
7163
6095
7206
7204
7203
7202
7201
6091
7743
7798
8016
8019
8837
7124
6089
7715
7737
1803
8847
7095
9901
6050
7723
4002
5025
6055
8020
8032
7075
7014
7701
4025
7761
8826
5071
7764
7760
4004
7128
7167
7064
7753
7797
7747
7197
798
7708
5064
5029
7728
8024
7126
8030
7076
5058
7768
6054
7165
7057
7166
7733
6603
6075
5056
7756
1802
5055
5045
5003
5063
8803
6045
6076
5054
5031
5062
7716
7744
5049
5046
4010
7077
6602
4003
7713
7757
7748
4021
7154
7746
6073
7718
7168
7030
7720
5043
8031
4012
6082
6060
6077
1519
7178
1711
4008
1516
5044
4015
6059
6078
4005
1704
1518
4007
5040
7703
4020
1714
5036
7173
6069
7709
5041
7175
5033
5050
6067
5035
7179
6063
17001
5032
1517
7087
7148
8012
7151
7116
5030
7172
7176
6004
6019
7091
7153
8015
7164
16000
6040
7161
6057
7142
5028
5026
7110
5024
6052
7145
7066
6047
7120
7111
8028
783
6056
6051
7005
8014
7108
8021
7106
7002
7150
7101
7137
7131
7133
7115
5011
8025
7072
6038
7123
8011
15001
7039
7121
1511
5014
5020
7136
7114
6032
7109
7132
7146
7078
5016
5017
7025
7147
7105
5013
8026
7135
6021
7134
6053
7144
7096
6036
4001
6014
7038
7127
8013
6046
5015
7097
7074
6044
7082
7103
8003
7045
7050
7085
7006
7073
7067
5008
7047
8092
7080
799
7004
7079
7083
5006
516
6008
285
7071
517
8010
7090
7092
5012
7056
5004
6031
7040
7010
8004
7021
7070
7068
8009
7007
777
6000
7046
7031
6028
7044
7011
6013
6009
6005
7022
6034
7052
7020
7026
6023
7034
5010
7061
1403
7032
6001
7012
8001
5005
7013
7063
7065
6027
6002
6016
7027
6024
6025
5009
8006
6011
7036
795
7053
7051
6017
7029
6010
7024
7008
7033
761
762
6006
792
7043
7054
7060
6026
7019
7016
7017
727
7015
7018
6015
6018
7001
5001
778
518
6007
5002
6012
7003
1702
1706
1606
1707
5
1607
1777
1618
1515
724
788
725
794
746
773
797
791
771
730
740
782
796
630
763
772
780
627
787
717
624
790
779
626
781
623
625
728
786
743
1801
701
1705
1504
511
1612
1614
1505
1617
1521
1404
1737
736
715
1703
1501
1710
512
760
735
714
1610
1611
732
1615
1520
718
731
1616
1613
1609
741
726
1708
215
7
1109
8845
6169
1040
1038
6168
3106
8433
1046
1104
8460
9916
8464
8463
8462
8461
8455
8451
7442
6676
6674
6673
5555
7408
7426
1108
3008
1107
1105
7441
3140
3402
3401
3400
1106
1095
1077
3171
3170
1102
1101
3167
3168
6134
5100
7980
7960
7946
7932
7931
7928
7920
7904
6645
6639
1103
1100
1099
3169
5149
4101
1093
1090
8465
8456
7446
7445
7440
7443
8458
6672
7902
7886
7415
1097
3166
1081
1079
1080
3165
1094
3027
1064
8448
7416
8416
8434
8424
1098
7984
7983
7431
4044
4040
4037
4027
3067
3051
1096
1078
1092
7892
1089
8450
7749
5506
2719
2718
2717
2716
2715
2714
2713
2712
2705
2704
2702
2699
2695
2691
2686
2685
2684
2683
2682
2681
2680
2679
2675
2674
2673
2672
2671
2670
2669
2668
2667
2666
2665
2664
2663
2662
2661
2660
2659
2658
2657
2656
2655
2632
2625
2623
2622
2620
2619
2617
2616
2615
2614
2613
2612
2611
2610
2609
2608
2607
2606
2605
2604
2603
2602
2601
2600
2599
2598
2597
2596
2595
2594
2593
2591
2590
2589
2588
2587
2586
2585
2584
2583
2582
2581
2580
2579
2578
2577
2576
2573
2572
2571
2570
2569
2568
2567
2565
2564
2563
2562
2561
2559
2558
2557
2556
2555
2554
2553
2552
2551
2550
2549
2548
2547
2546
2545
2544
2543
2542
2541
2540
3149
6667
3163
3162
3160
3158
3157
3164
3161
3159
3156
3155
1091
1088
1087
1086
1084
1083
3002
3142
3148
3143
3145
1073
3144
3003
3004
3007
3010
3012
3009
3018
3150
3023
3022
3020
3044
3024
3054
3025
3045
3052
3072
3073
3055
3062
3071
3068
3057
3086
3098
3115
3097
5108
4019
4047
5120
5510
6125
6637
7236
5113
7897
7906
7918
7919
7929
7951
7957
7947
7956
7925
7944
7962
1082
3141
8906
8917
7965
5007
6642
7905
7954
7909
7242
7917
7911
8042
6144
1016
1013
1022
8833
3039
8830
7971
8889
7970
6617
7938
7879
4050
7884
8905
8903
7239
6123
6122
6121
1012
8446
7841
7822
8862
8879
7834
7866
8815
7796
8860
7860
8893
8888
7992
8927
8911
7982
7961
7935
7973
7968
7934
7930
7745
7805
7875
8852
8863
3931
3930
3929
3928
3927
3926
3925
3924
3923
3922
3921
3920
3919
3918
3917
3916
3915
3914
3913
3912
3911
3910
3909
3908
3907
3906
3905
3904
3903
3902
3901
3900
3899
3898
3897
3896
3895
3894
3893
3892
3891
3890
3889
3888
3887
3886
3885
3884
3883
3882
3881
3880
3879
3878
3877
3876
3875
3874
3873
3872
3871
3870
3869
3868
3867
3866
3865
3864
3863
3862
3861
3860
3859
3858
3857
3856
3855
3854
3853
3852
3851
3850
3849
3848
3847
3846
3845
3844
3843
3842
3841
3840
3839
3838
3837
3836
3835
3834
3833
3832
3831
3830
3829
3828
3827
3826
3825
3824
3823
3822
3821
3820
3819
3818
3817
3816
3815
3814
3813
3812
3811
3810
3809
3808
3807
3806
3805
3804
3803
3802
3801
3800
3799
3798
3797
3796
3795
3794
3793
3792
3791
3790
3789
3788
3787
3786
3785
3784
3783
3782
3781
3780
3779
3778
3777
3776
3775
3774
3773
3772
3771
3770
3769
3768
3767
3766
3765
3764
3763
3762
3761
3760
3759
3758
3757
3756
3755
3754
3753
3752
3751
3750
3749
3748
3747
3746
3745
3744
3743
3742
3741
3740
3739
3738
3737
3736
3735
3734
3733
3732
3731
3730
3729
3728
3727
3726
3725
3724
3723
3722
3721
3720
3719
3718
3717
3716
3715
3714
3713
3712
3711
3710
3709
3708
3707
3706
3705
3704
3703
3702
3701
3700
3699
3698
3697
3696
3154
3153
3695
3694
3693
3692
3691
3690
3689
3688
3687
3686
3685
3684
3683
3682
3681
3680
3679
3678
3677
3676
3675
3674
3673
3672
3671
3670
3669
3668
3667
3666
3665
3664
3663
3662
3661
3660
3659
3658
3657
3656
3655
3654
3653
3652
3651
3650
3649
3648
3647
3646
3645
3644
3643
3642
3641
3640
3639
3638
3637
3636
3635
3634
3633
3632
3631
3630
3629
3628
3627
3626
3625
3624
3623
3622
3621
3620
3619
3618
3617
3616
3615
3614
8891
8895
8922
8117
5137
4106
5148
1076
6147
3516
3517
8445
8853
8810
7758
7739
3090
3123
8887
7816
6161
6611
7436
7861
1018
8821
8868
7878
7899
7828
7772
7156
7207
7104
3152
8907
7966
7912
7895
6653
6131
6120
3099
3095
3085
3070
3064
3058
3049
3046
7433
3094
3028
3043
3042
3038
3034
3040
3033
7112
9902
8813
7837
8399
3151
8413
9914
9913
9912
9911
8441
8404
8436
8435
8407
7428
7411
7407
1074
3036
1011
3037
8408
8410
8402
8403
3613
1068
7994
1075
8418
3077
3017
3016
7098
7427
8447
7948
8828
8883
5153
7851
1023
5501
7409
1072
1030
8452
8440
8457
8415
8412
8439
8454
8422
8411
7412
6666
7432
7414
7413
7410
7406
7405
7404
7402
7277
7278
7403
7422
7815
3147
3146
1048
8442
8432
8430
7438
7437
7420
6670
6668
7883
3514
3512
3515
6049
7735
3513
3518
8898
8443
8437
8429
8428
8401
7435
7430
7425
7418
6669
8431
8423
8400
7429
7424
7400
6671
8923
3559
3558
3577
3563
3543
3540
3530
3580
3581
3546
3521
3561
3532
3536
3537
3538
3539
3525
3551
3553
3555
3567
3572
3570
3528
3548
3527
3531
3535
3533
3523
3524
3565
3568
3520
3578
3542
3519
3579
3534
3576
3556
3603
3544
3582
3571
3602
3596
3575
3522
3612
3589
3557
3566
3590
3545
3560
3605
3599
3529
3584
3547
3550
3600
3588
3611
3573
3574
3586
3608
3595
3604
3587
3583
3598
3607
3549
3554
3591
3594
3592
3606
3541
3609
3593
3552
3526
3562
3585
3610
3601
3569
8420
7434
7419
8873
7836
7853
7714
5504
6646
1070
8444
8427
7421
3510
3509
3508
7255
8135
5147
7832
7894
7028
3511
3507
3506
3505
3504
3503
3502
1066
7417
1071
7423
8419
8426
8425
1065
8438
7730
1067
1063
8935
7267
1060
6624
7220
7830
7838
7977
5122
7793
7827
7903
7835
7217
8933
7901
8122
7252
6171
5154
5127
8936
7865
1059
3134
3019
1062
2146826273
1045
3048
8840
7259
1061
1041
7785
7722
8914
8406
7094
7848
6170
7273
1058
1057
1056
1055
1054
7833
7955
7719
7791
7869
8829
8843
4049
7088
8104
7274
7882
7275
7263
3138
3137
3136
1053
1052
1051
1050
1049
1047
1037
1027
3013
7847
7949
6110
3063
3053
1034
7276
7839
7724
7767
7224
7107
8849
2001
8902
1043
7784
7820
7831
7846
7729
7752
7876
7177
8896
6648
1042
8811
7840
7759
7826
7214
5082
5128
5123
3026
8931
7872
7877
7910
8807
7272
6152
1039
789
3032
4401
3030
3139
3135
3133
3132
3131
3122
3121
1036
3130
3129
3128
8128
6651
7873
8881
3092
3069
3005
6146
8134
8133
8132
8131
8130
8129
8127
7271
7270
7269
7268
6166
7254
5507
3093
3091
4031
3014
3001
1009
8126
8125
8124
8123
8121
7260
7258
7257
7256
7250
7247
7246
6165
6164
6163
6162
6160
6150
6149
6148
6145
6143
6142
6141
6140
6138
6136
5152
5151
5150
5146
5145
5144
5143
5142
5141
5140
5139
5138
5136
5135
5134
5133
5132
5131
5130
5129
5126
5125
5124
4110
4109
4108
4107
4105
4104
4103
4102
3035
8858
7945
7896
7773
7787
7763
7152
5093
3015
8894
8901
7868
6618
6623
3066
3065
8120
7266
7265
7264
7262
7261
6159
6158
6157
6156
6155
6154
6153
6151
6079
3111
1031
7979
7813
7119
6626
6104
6105
4046
5047
3127
3126
3125
3124
3120
3119
3118
3117
3116
3114
3113
3112
3108
3107
3105
3104
3103
3102
3101
3100
3096
8920
6647
8908
8102
6655
8892
7976
7769
1010
7817
7762
7218
7149
7162
7194
7141
6109
5088
4029
3089
3088
3087
3084
3083
3082
3081
3080
3079
3078
3076
3075
3074
7854
5505
7881
7800
7221
6622
5096
6048
7953
1029
1019
1028
1025
1021
1020
1014
3047
8884
3031
6616
8899
8928
8880
8882
8890
7130
7229
6106
7041
8913
8857
8097
6108
1002
7871
3061
3060
3059
3056
3050
8119
8118
8116
8115
8114
8113
8112
7253
7251
9150
8107
8106
8103
7249
7245
7244
7243
6139
6135
1026
1024
8806
7241
5508
1015
5503
3041
8861
7885
3029
3011
7823
7898
7889
7963
7113
8900
5095
8916
7907
7844
8885
7940
7974
7786
6643
8934
6115
4033
7937
7169
9904
8036
8929
8904
8870
7825
7811
7228
7223
7058
5502
5092
5087
8859
8856
8850
8835
8817
8816
8098
8039
7981
7870
7818
8805
5107
7943
7893
7927
7933
6116
7771
8838
8924
7942
6640
8919
6635
7908
8915
4034
6114
6133
4009
5097
5099
5512
8918
8869
4022
8912
6636
5116
6644
6641
7959
6633
7972
8909
7913
7958
7952
7950
7939
7916
6634
8876
6649
6638
7915
8848
6628
7926
4036
4045
6072
1712
6631
7707
7174
6629
7765
6650
4043
4042
6118
5117
5101
4039
4041
6124
7807
5102
7842
7856
8867
7810
7795
5073
6132
5118
5119
5121
6630
5105
5074
8812
5098
7234
8855
6112
7237
6130
5112
1701
6119
7794
8878
5052
5114
6126
4026
7238
7231
4035
6606
7857
7845
5070
7804
7783
8877
7779
6117
5111
4048
6127
6129
7232
5091
5115
9903
5103
8854
6607
6615
7859
7855
6128
7774
7240
6113
4006
7788
6062
7219
7233
7887
7890
7874
7880
5509
6619
6625
7824
8872
8866
6620
5027
8041
4014
8101
8808
4011
7891
6621
4032
7235
7230
8804
5079
7705
7801
6103
7867
8865
5060
8832
6609
6102
6612
7721
6601
8874
7862
7089
8100
7852
7829
7843
7731
6613
6094
6101
6093
6098
7055
6107
7118
7117
1522
7035
8038
7100
6088
8846
7864
8099
8005
7819
7777
7727
7225
8871
7725
7738
7227
5090
5086
8886
8841
1001
7226
6100
7741
7770
5089
7808
7809
7821
7081
7858
7850
7143
4030
7776
7863
8864
5084
8851
7802
7799
8836
7790
205
7213
7212
7803
7849
6092
7782
7215
7216
6099
5085
17003
6614
774
6097
5083
195
6003
7814
8819
7706
6604
5053
225
5075
8842
7200
7778
8822
8802
7750
7740
7711
7792
7710
5081
7138
0001
7208
7812
7102
4028
7755
6058
7734
8033
5077
7775
6608
7195
1
7780
7754
8825
7189
6080
7726
8809
6022
7210
7211
8037
8834
6042
8839
8824
7140
6090
7170
7205
5019
7099
7742
6061
8831
8827
8823
7732
8002
7129
4017
8017
7751
7209
7766
5057
6096
7182
5080
7199
7023
8027
5023
7171
6043
6030
7084
7086
6064
6605
6041
7125
7712
8801
7789
6087
7183
7781
8820
7198
8814
7736
6037
7163
6095
7206
7204
7203
7202
7201
6091
7743
7798
8016
8019
8837
7124
6089
7715
7737
1803
8847
7095
9901
6050
7723
4002
5025
6055
8020
8032
7075
7014
7701
4025
7761
8826
5071
7764
7760
4004
7128
7167
7064
7753
7797
7747
7197
798
7708
5064
5029
7728
8024
7126
8030
7076
5058
7768
6054
7165
7057
7166
7733
6603
6075
5056
7756
1802
5055
5045
5003
5063
8803
6045
6076
5054
5031
5062
7716
7744
5049
5046
4010
7077
6602
4003
7713
7757
7748
4021
7154
7746
6073
7718
7168
7030
7720
5043
8031
4012
6082
6060
6077
1519
7178
1711
4008
1516
5044
4015
6059
6078
4005
1704
1518
4007
5040
7703
4020
1714
5036
7173
6069
7709
5041
7175
5033
5050
6067
5035
7179
6063
17001
5032
1517
7087
7148
8012
7151
7116
5030
7172
7176
6004
6019
7091
7153
8015
7164
16000
6040
7161
6057
7142
5028
5026
7110
5024
6052
7145
7066
6047
7120
7111
8028
783
6056
6051
7005
8014
7108
8021
7106
7002
7150
7101
7137
7131
7133
7115
5011
8025
7072
6038
7123
8011
15001
7039
7121
1511
5014
5020
7136
7114
6032
7109
7132
7146
7078
5016
5017
7025
7147
7105
5013
8026
7135
6021
7134
6053
7144
7096
6036
4001
6014
7038
7127
8013
6046
5015
7097
7074
6044
7082
7103
8003
7045
7050
7085
7006
7073
7067
5008
7047
8092
7080
799
7004
7079
7083
5006
516
6008
285
7071
517
8010
7090
7092
5012
7056
5004
6031
7040
7010
8004
7021
7070
7068
8009
7007
777
6000
7046
7031
6028
7044
7011
6013
6009
6005
7022
6034
7052
7020
7026
6023
7034
5010
7061
1403
7032
6001
7012
8001
5005
7013
7063
7065
6027
6002
6016
7027
6024
6025
5009
8006
6011
7036
795
7053
7051
6017
7029
6010
7024
7008
7033
761
762
6006
792
7043
7054
7060
6026
7019
7016
7017
727
7015
7018
6015
6018
7001
5001
778
518
6007
5002
6012
7003
1702
1706
1606
1707
5
1607
1777
1618
1515
724
788
725
794
746
773
797
791
771
730
740
782
796
630
763
772
780
627
787
717
624
790
779
626
781
623
625
728
786
743
1801
701
1705
1504
511
1612
1614
1505
1617
1521
1404
1737
736
715
1703
1501
1710
512
760
735
714
1610
1611
732
1615
1520
718
731
1616
1613
1609
741
726
1708
215
7
1109
8845
6169
1040
1038
6168
3106
8433
1046
1104
8460
9916
8464
8463
8462
8461
8455
8451
7442
6676
6674
6673
5555
7408
7426
1108
3008
1107
1105
7441
3140
3402
3401
3400
1106
1095
1077
3171
3170
1102
1101
3167
3168
6134
5100
7980
7960
7946
7932
7931
7928
7920
7904
6645
6639
1103
1100
1099
3169
5149
4101
1093
1090
8465
8456
7446
7445
7440
7443
8458
6672
7902
7886
7415
1097
3166
1081
1079
1080
3165
1094
3027
1064
8448
7416
8416
8434
8424
1098
7984
7983
7431
4044
4040
4037
4027
3067
3051
1096
1078
1092
7892
1089
8450
7749
5506
2719
2718
2717
2716
2715
2714
2713
2712
2705
2704
2702
2699
2695
2691
2686
2685
2684
2683
2682
2681
2680
2679
2675
2674
2673
2672
2671
2670
2669
2668
2667
2666
2665
2664
2663
2662
2661
2660
2659
2658
2657
2656
2655
2632
2625
2623
2622
2620
2619
2617
2616
2615
2614
2613
2612
2611
2610
2609
2608
2607
2606
2605
2604
2603
2602
2601
2600
2599
2598
2597
2596
2595
2594
2593
2591
2590
2589
2588
2587
2586
2585
2584
2583
2582
2581
2580
2579
2578
2577
2576
2573
2572
2571
2570
2569
2568
2567
2565
2564
2563
2562
2561
2559
2558
2557
2556
2555
2554
2553
2552
2551
2550
2549
2548
2547
2546
2545
2544
2543
2542
2541
2540
3149
6667
3163
3162
3160
3158
3157
3164
3161
3159
3156
3155
1091
1088
1087
1086
1084
1083
3002
3142
3148
3143
3145
1073
3144
3003
3004
3007
3010
3012
3009
3018
3150
3023
3022
3020
3044
3024
3054
3025
3045
3052
3072
3073
3055
3062
3071
3068
3057
3086
3098
3115
3097
5108
4019
4047
5510
6125
6637
7236
5113
7897
7906
7918
5120
7919
7951
7957
7947
7956
7925
7944
7929
7962
1082
3141
8906
8917
7965
5007
7905
7954
7909
7242
7911
7917
6642
8042
6144
1016
1013
1022
8833
3039
8830
7971
8889
7970
6617
7938
7879
4050
7884
8905
8903
7239
6123
6122
6121
1012
8446
7822
7841
8862
8879
7834
7866
8815
7796
8860
7860
8893
8888
7992
8927
8911
7982
7961
7935
7973
7968
7934
7930
7745
7805
7875
8852
8863
3931
3930
3929
3928
3927
3926
3925
3924
3923
3922
3921
3920
3919
3918
3917
3916
3915
3914
3913
3912
3911
3910
3909
3908
3907
3906
3905
3904
3903
3902
3901
3900
3899
3898
3897
3896
3895
3894
3893
3892
3891
3890
3889
3888
3887
3886
3885
3884
3883
3882
3881
3880
3879
3878
3877
3876
3875
3874
3873
3872
3871
3870
3869
3868
3867
3866
3865
3864
3863
3862
3861
3860
3859
3858
3857
3856
3855
3854
3853
3852
3851
3850
3849
3848
3847
3846
3845
3844
3843
3842
3841
3840
3839
3838
3837
3836
3835
3834
3833
3832
3831
3830
3829
3828
3827
3826
3825
3824
3823
3822
3821
3820
3819
3818
3817
3816
3815
3814
3813
3812
3811
3810
3809
3808
3807
3806
3805
3804
3803
3802
3801
3800
3799
3798
3797
3796
3795
3794
3793
3792
3791
3790
3789
3788
3787
3786
3785
3784
3783
3782
3781
3780
3779
3778
3777
3776
3775
3774
3773
3772
3771
3770
3769
3768
3767
3766
3765
3764
3763
3762
3761
3760
3759
3758
3757
3756
3755
3754
3753
3752
3751
3750
3749
3748
3747
3746
3745
3744
3743
3742
3741
3740
3739
3738
3737
3736
3735
3734
3733
3732
3731
3730
3729
3728
3727
3726
3725
3724
3723
3722
3721
3720
3719
3718
3717
3716
3715
3714
3713
3712
3711
3710
3709
3708
3707
3706
3705
3704
3703
3702
3701
3700
3699
3698
3697
3696
3154
3153
3695
3694
3693
3692
3691
3690
3689
3688
3687
3686
3685
3684
3683
3682
3681
3680
3679
3678
3677
3676
3675
3674
3673
3672
3671
3670
3669
3668
3667
3666
3665
3664
3663
3662
3661
3660
3659
3658
3657
3656
3655
3654
3653
3652
3651
3650
3649
3648
3647
3646
3645
3644
3643
3642
3641
3640
3639
3638
3637
3636
3635
3634
3633
3632
3631
3630
3629
3628
3627
3626
3625
3624
3623
3622
3621
3620
3619
3618
3617
3616
3615
3614
8891
8895
8922
8117
5137
4106
5148
1076
6147
3516
3517
8445
8853
8810
7758
7739
3090
3123
8887
7816
6161
6611
7436
7861
1018
8821
8868
7878
7899
7828
7772
7156
7207
7104
3152
8907
7966
7912
7895
6653
6131
6120
3099
3095
3085
3070
3064
3058
3049
3046
7433
3094
3028
3043
3042
3038
3034
3040
3033
7112
9902
8813
7837
8399
3151
8413
9914
9913
9912
9911
8441
8404
8436
8435
8407
7428
7411
7407
1074
3036
1011
3037
8408
8410
8402
8403
3613
1068
7994
1075
8418
3077
3017
3016
7098
7427
8447
7948
8828
8883
5153
7851
1023
5501
7409
1072
1030
8452
8440
8457
8415
8412
8439
8454
8422
8411
7412
6666
7432
7414
7413
7410
7406
7405
7404
7402
7277
7278
7403
7422
7815
3147
3146
1048
8442
8432
8430
7438
7437
7420
6670
6668
7883
3514
3512
3515
6049
7735
3513
3518
8898
8443
8437
8429
8428
8401
7435
7430
7425
7418
6669
8431
8423
8400
7429
7424
7400
6671
8923
3559
3558
3577
3563
3543
3540
3530
3580
3581
3546
3521
3561
3532
3536
3537
3538
3539
3525
3551
3553
3555
3567
3572
3570
3528
3548
3527
3531
3535
3533
3523
3524
3565
3568
3520
3578
3542
3519
3579
3534
3576
3556
3603
3544
3582
3571
3602
3596
3575
3522
3612
3589
3557
3566
3590
3545
3560
3605
3599
3529
3584
3547
3550
3600
3588
3611
3573
3574
3586
3608
3595
3604
3587
3583
3598
3607
3549
3554
3591
3594
3592
3606
3541
3609
3593
3552
3526
3562
3585
3610
3601
3569
8420
7434
7419
8873
7836
7853
7714
5504
6646
1070
8444
8427
7421
3510
3509
3508
7255
8135
5147
7832
7894
7028
3511
3507
3506
3505
3504
3503
3502
1066
7417
1071
7423
8419
8426
8425
1065
8438
7730
1067
1063
8935
7267
1060
6624
7220
7830
7838
7977
5122
7793
7827
7903
7835
7217
8933
7901
8122
7252
6171
5154
5127
8936
7865
1059
3134
3019
1062
2146826273
1045
3048
8840
7259
1061
1041
7785
7722
8914
8406
7094
7848
6170
7273
1058
1057
1056
1055
1054
7833
7955
7719
7791
7869
8829
8843
4049
7088
8104
7274
7882
7275
7263
3138
3137
3136
1053
1052
1051
1050
1049
1047
1037
1027
3013
7847
7949
6110
3063
3053
1034
7276
7839
7724
7767
7224
7107
8849
2001
8902
1043
7784
7820
7831
7846
7729
7752
7876
7177
8896
6648
1042
8811
7840
7759
7826
7214
5082
5128
5123
3026
8931
7872
7877
7910
8807
7272
6152
1039
789
3032
4401
3030
3139
3135
3133
3132
3131
3122
3121
1036
3130
3129
3128
8128
6651
7873
8881
3092
3069
3005
6146
8134
8133
8132
8131
8130
8129
8127
7271
7270
7269
7268
6166
7254
5507
3093
3091
4031
3014
3001
1009
8126
8125
8124
8123
8121
7260
7258
7257
7256
7250
7247
7246
6165
6164
6163
6162
6160
6150
6149
6148
6145
6143
6142
6141
6140
6138
6136
5152
5151
5150
5146
5145
5144
5143
5142
5141
5140
5139
5138
5136
5135
5134
5133
5132
5131
5130
5129
5126
5125
5124
4110
4109
4108
4107
4105
4104
4103
4102
3035
8858
7945
7896
7773
7787
7763
7152
5093
3015
8894
8901
7868
6618
6623
3066
3065
8120
7266
7265
7264
7262
7261
6159
6158
6157
6156
6155
6154
6153
6151
6079
3111
1031
7979
7813
7119
6626
6104
6105
4046
5047
3127
3126
3125
3124
3120
3119
3118
3117
3116
3114
3113
3112
3108
3107
3105
3104
3103
3102
3101
3100
3096
8920
6647
8908
8102
6655
8892
7976
7769
1010
7817
7762
7218
7149
7162
7194
7141
6109
5088
4029
3089
3088
3087
3084
3083
3082
3081
3080
3079
3078
3076
3075
3074
7854
5505
7881
7800
7221
6622
5096
6048
7953
1029
1019
1028
1025
1021
1020
1014
3047
8884
3031
6616
8899
8928
8880
8882
8890
7130
7229
6106
7041
8913
8857
8097
6108
1002
7871
3061
3060
3059
3056
3050
8119
8118
8116
8115
8114
8113
8112
7253
7251
9150
8107
8106
8103
7249
7245
7244
7243
6139
6135
1026
1024
8806
7241
5508
1015
5503
3041
8861
7885
3029
3011
7823
7898
7889
7963
7113
8900
5095
8916
7907
7844
8885
7940
7974
7786
6643
8934
6115
4033
7937
7169
9904
8036
8929
8904
8870
7825
7811
7228
7223
7058
5502
5092
5087
8859
8856
8850
8835
8817
8816
8098
8039
7981
7870
7818
8805
5107
7943
7893
7927
7933
6116
7771
8838
8924
7942
6640
8919
6635
7908
8915
4034
6114
6133
4009
5097
5099
5512
8918
8869
4022
8912
6636
5116
6644
6641
7959
6633
7972
8909
7913
7958
7952
7950
7939
7916
6634
8876
6649
6638
7915
8848
6628
7926
4036
4045
6072
1712
6631
7707
7174
6629
7765
6650
4043
4042
6118
5117
5101
4039
4041
6124
7807
5102
7842
7856
8867
7810
7795
5073
6132
5118
5119
5121
6630
5105
5074
8812
5098
7234
8855
6112
7237
6130
5112
1701
6119
7794
8878
5052
5114
6126
4026
7238
7231
4035
6606
7857
7845
5070
7804
7783
8877
7779
6117
5111
4048
6127
6129
7232
5091
5115
9903
5103
8854
6607
6615
7859
7855
6128
7774
7240
6113
4006
7788
6062
7219
7233
7887
7890
7874
7880
5509
6619
6625
7824
8872
8866
6620
5027
8041
4014
8101
8808
4011
7891
6621
4032
7235
7230
8804
5079
7705
7801
6103
7867
8865
5060
8832
6609
6102
6612
7721
6601
8874
7862
7089
8100
7852
7829
7843
7731
6613
6094
6101
6093
6098
7055
6107
7118
7117
1522
7035
8038
7100
6088
8846
7864
8099
8005
7819
7777
7727
7225
8871
7725
7738
7227
5090
5086
8886
8841
1001
7226
6100
7741
7770
5089
7808
7809
7821
7081
7858
7850
7143
4030
7776
7863
8864
5084
8851
7802
7799
8836
7790
205
7213
7212
7803
7849
6092
7782
7215
7216
6099
5085
17003
6614
774
6097
5083
195
6003
7814
8819
7706
6604
5053
225
5075
8842
7200
7778
8822
8802
7750
7740
7711
7792
7710
5081
7138
0001
7208
7812
7102
4028
7755
6058
7734
8033
5077
7775
6608
7195
1
7780
7754
8825
7189
6080
7726
8809
6022
7210
7211
8037
8834
6042
8839
8824
7140
6090
7170
7205
5019
7099
7742
6061
8831
8827
8823
7732
8002
7129
4017
8017
7751
7209
7766
5057
6096
7182
5080
7199
7023
8027
5023
7171
6043
6030
7084
7086
6064
6605
6041
7125
7712
8801
7789
6087
7183
7781
8820
7198
8814
7736
6037
7163
6095
7206
7204
7203
7202
7201
6091
7743
7798
8016
8019
8837
7124
6089
7715
7737
1803
8847
7095
9901
6050
7723
4002
5025
6055
8020
8032
7075
7014
7701
4025
7761
8826
5071
7764
7760
4004
7128
7167
7064
7753
7797
7747
7197
798
7708
5064
5029
7728
8024
7126
8030
7076
5058
7768
6054
7165
7057
7166
7733
6603
6075
5056
7756
1802
5055
5045
5003
5063
8803
6045
6076
5054
5031
5062
7716
7744
5049
5046
4010
7077
6602
4003
7713
7757
7748
4021
7154
7746
6073
7718
7168
7030
7720
5043
8031
4012
6082
6060
6077
1519
7178
1711
4008
1516
5044
4015
6059
6078
4005
1704
1518
4007
5040
7703
4020
1714
5036
7173
6069
7709
5041
7175
5033
5050
6067
5035
7179
6063
17001
5032
1517
7087
7148
8012
7151
7116
5030
7172
7176
6004
6019
7091
7153
8015
7164
16000
6040
7161
6057
7142
5028
5026
7110
5024
6052
7145
7066
6047
7120
7111
8028
783
6056
6051
7005
8014
7108
8021
7106
7002
7150
7101
7137
7131
7133
7115
5011
8025
7072
6038
7123
8011
15001
7039
7121
1511
5014
5020
7136
7114
6032
7109
7132
7146
7078
5016
5017
7025
7147
7105
5013
8026
7135
6021
7134
6053
7144
7096
6036
4001
6014
7038
7127
8013
6046
5015
7097
7074
6044
7082
7103
8003
7045
7050
7085
7006
7073
7067
5008
7047
8092
7080
799
7004
7079
7083
5006
516
6008
285
7071
517
8010
7090
7092
5012
7056
5004
6031
7040
7010
8004
7021
7070
7068
8009
7007
777
6000
7046
7031
6028
7044
7011
6013
6009
6005
7022
6034
7052
7020
7026
6023
7034
5010
7061
1403
7032
6001
7012
8001
5005
7013
7063
7065
6027
6002
6016
7027
6024
6025
5009
8006
6011
7036
795
7053
7051
6017
7029
6010
7024
7008
7033
761
762
6006
792
7043
7054
7060
6026
7019
7016
7017
727
7015
7018
6015
6018
7001
5001
778
518
6007
5002
6012
7003
1702
1706
1606
1707
5
1607
1777
1618
1515
724
788
725
794
746
773
797
791
771
730
740
782
796
630
763
772
780
627
787
717
624
790
779
626
781
623
625
728
786
743
1801
701
1705
1504
511
1612
1614
1505
1617
1521
1404
1737
736
715
1703
1501
1710
512
760
735
714
1610
1611
732
1615
1520
718
731
1616
1613
1609
741
726
1708
215
7
1109
8845
6169
1040
1038
6168
3106
8433
1046
1104
8460
9916
8464
8463
8462
8461
8455
8451
7442
6676
6674
6673
5555
7408
7426
1108
3008
1107
1105
7441
3140
3402
3401
3400
1106
1095
1077
3171
3170
1102
1101
3167
3168
6134
5100
7980
7960
7946
7932
7931
7928
7920
7904
6645
6639
1103
1100
1099
3169
5149
4101
1093
1090
8465
8456
7446
7445
7440
7443
8458
6672
7902
7886
7415
1097
3166
1081
1079
1080
3165
1094
3027
1064
8448
7416
8416
8434
8424
1098
7984
7983
7431
4044
4040
4037
4027
3067
3051
1096
1078
1092
7892
1089
8450
7749
5506
2719
2718
2717
2716
2715
2714
2713
2712
2705
2704
2702
2699
2695
2691
2686
2685
2684
2683
2682
2681
2680
2679
2675
2674
2673
2672
2671
2670
2669
2668
2667
2666
2665
2664
2663
2662
2661
2660
2659
2658
2657
2656
2655
2632
2625
2623
2622
2620
2619
2617
2616
2615
2614
2613
2612
2611
2610
2609
2608
2607
2606
2605
2604
2603
2602
2601
2600
2599
2598
2597
2596
2595
2594
2593
2591
2590
2589
2588
2587
2586
2585
2584
2583
2582
2581
2580
2579
2578
2577
2576
2573
2572
2571
2570
2569
2568
2567
2565
2564
2563
2562
2561
2559
2558
2557
2556
2555
2554
2553
2552
2551
2550
2549
2548
2547
2546
2545
2544
2543
2542
2541
2540
3149
6667
3163
3162
3160
3158
3157
3164
3161
3159
3156
3155
1091
1088
1087
1086
1084
1083
3002
3142
3148
3143
3145
1073
3144
3003
3004
3007
3010
3012
3009
3018
3150
3023
3022
3020
3044
3024
3054
3025
3045
3052
3072
3073
3055
3062
3071
3068
3057
3086
3098
3115
3097
5108
4019
4047
5510
6125
6637
7236
5113
7897
7906
7918
5120
7919
7951
7957
7947
7956
7925
7944
7929
7962
1082
3141
8906
8917
7965
5007
7905
7954
7909
7242
7911
7917
6642
8042
6144
1016
1013
1022
8833
3039
8830
7971
8889
7970
6617
7938
7879
4050
7884
8905
8903
7239
6123
6122
6121
1012
8446
7822
7841
8862
8879
7834
7866
8815
7796
8860
7860
8893
8888
7992
8927
8911
7982
7961
7935
7973
7968
7934
7930
7745
7805
7875
8852
8863
3931
3930
3929
3928
3927
3926
3925
3924
3923
3922
3921
3920
3919
3918
3917
3916
3915
3914
3913
3912
3911
3910
3909
3908
3907
3906
3905
3904
3903
3902
3901
3900
3899
3898
3897
3896
3895
3894
3893
3892
3891
3890
3889
3888
3887
3886
3885
3884
3883
3882
3881
3880
3879
3878
3877
3876
3875
3874
3873
3872
3871
3870
3869
3868
3867
3866
3865
3864
3863
3862
3861
3860
3859
3858
3857
3856
3855
3854
3853
3852
3851
3850
3849
3848
3847
3846
3845
3844
3843
3842
3841
3840
3839
3838
3837
3836
3835
3834
3833
3832
3831
3830
3829
3828
3827
3826
3825
3824
3823
3822
3821
3820
3819
3818
3817
3816
3815
3814
3813
3812
3811
3810
3809
3808
3807
3806
3805
3804
3803
3802
3801
3800
3799
3798
3797
3796
3795
3794
3793
3792
3791
3790
3789
3788
3787
3786
3785
3784
3783
3782
3781
3780
3779
3778
3777
3776
3775
3774
3773
3772
3771
3770
3769
3768
3767
3766
3765
3764
3763
3762
3761
3760
3759
3758
3757
3756
3755
3754
3753
3752
3751
3750
3749
3748
3747
3746
3745
3744
3743
3742
3741
3740
3739
3738
3737
3736
3735
3734
3733
3732
3731
3730
3729
3728
3727
3726
3725
3724
3723
3722
3721
3720
3719
3718
3717
3716
3715
3714
3713
3712
3711
3710
3709
3708
3707
3706
3705
3704
3703
3702
3701
3700
3699
3698
3697
3696
3154
3153
3695
3694
3693
3692
3691
3690
3689
3688
3687
3686
3685
3684
3683
3682
3681
3680
3679
3678
3677
3676
3675
3674
3673
3672
3671
3670
3669
3668
3667
3666
3665
3664
3663
3662
3661
3660
3659
3658
3657
3656
3655
3654
3653
3652
3651
3650
3649
3648
3647
3646
3645
3644
3643
3642
3641
3640
3639
3638
3637
3636
3635
3634
3633
3632
3631
3630
3629
3628
3627
3626
3625
3624
3623
3622
3621
3620
3619
3618
3617
3616
3615
3614
8891
8895
8922
8117
5137
4106
5148
1076
6147
3516
3517
8445
8853
8810
7758
7739
3090
3123
8887
7816
6161
6611
7436
7861
1018
8821
8868
7878
7899
7828
7772
7156
7207
7104
3152
8907
7966
7912
7895
6653
6131
6120
3099
3095
3085
3070
3064
3058
3049
3046
7433
3094
3028
3043
3042
3038
3034
3040
3033
7112
9902
8813
7837
8399
3151
8413
9914
9913
9912
9911
8441
8404
8436
8435
8407
7428
7411
7407
1074
3036
1011
3037
8408
8410
8402
8403
3613
1068
7994
1075
8418
3077
3017
3016
7098
7427
8447
7948
8828
8883
5153
7851
1023
5501
7409
1072
1030
8452
8440
8457
8415
8412
8439
8454
8422
8411
7412
6666
7432
7414
7413
7410
7406
7405
7404
7402
7277
7278
7403
7422
7815
3147
3146
1048
8442
8432
8430
7438
7437
7420
6670
6668
7883
3514
3512
3515
6049
7735
3513
3518
8898
8443
8437
8429
8428
8401
7435
7430
7425
7418
6669
8431
8423
8400
7429
7424
7400
6671
8923
3559
3558
3577
3563
3543
3540
3530
3580
3581
3546
3521
3561
3532
3536
3537
3538
3539
3525
3551
3553
3555
3567
3572
3570
3528
3548
3527
3531
3535
3533
3523
3524
3565
3568
3520
3578
3542
3519
3579
3534
3576
3556
3603
3544
3582
3571
3602
3596
3575
3522
3612
3589
3557
3566
3590
3545
3560
3605
3599
3529
3584
3547
3550
3600
3588
3611
3573
3574
3586
3608
3595
3604
3587
3583
3598
3607
3549
3554
3591
3594
3592
3606
3541
3609
3593
3552
3526
3562
3585
3610
3601
3569
8420
7434
7419
8873
7836
7853
7714
5504
6646
1070
8444
8427
7421
3510
3509
3508
7255
8135
5147
7832
7894
7028
3511
3507
3506
3505
3504
3503
3502
1066
7417
1071
7423
8419
8426
8425
1065
8438
7730
1067
1063
8935
7267
1060
6624
7220
7830
7838
7977
5122
7793
7827
7903
7835
7217
8933
7901
8122
7252
6171
5154
5127
8936
7865
1059
3134
3019
1062
2146826273
1045
3048
8840
7259
1061
1041
7785
7722
8914
8406
7094
7848
6170
7273
1058
1057
1056
1055
1054
7833
7955
7719
7791
7869
8829
8843
4049
7088
8104
7274
7882
7275
7263
3138
3137
3136
1053
1052
1051
1050
1049
1047
1037
1027
3013
7847
7949
6110
3063
3053
1034
7276
7839
7724
7767
7224
7107
8849
2001
8902
1043
7784
7820
7831
7846
7729
7752
7876
7177
8896
6648
1042
8811
7840
7759
7826
7214
5082
5128
5123
3026
8931
7872
7877
7910
8807
7272
6152
1039
789
3032
4401
3030
3139
3135
3133
3132
3131
3122
3121
1036
3130
3129
3128
8128
6651
7873
8881
3092
3069
3005
6146
8134
8133
8132
8131
8130
8129
8127
7271
7270
7269
7268
6166
7254
5507
3093
3091
4031
3014
3001
1009
8126
8125
8124
8123
8121
7260
7258
7257
7256
7250
7247
7246
6165
6164
6163
6162
6160
6150
6149
6148
6145
6143
6142
6141
6140
6138
6136
5152
5151
5150
5146
5145
5144
5143
5142
5141
5140
5139
5138
5136
5135
5134
5133
5132
5131
5130
5129
5126
5125
5124
4110
4109
4108
4107
4105
4104
4103
4102
3035
8858
7945
7896
7773
7787
7763
7152
5093
3015
8894
8901
7868
6618
6623
3066
3065
8120
7266
7265
7264
7262
7261
6159
6158
6157
6156
6155
6154
6153
6151
6079
3111
1031
7979
7813
7119
6626
6104
6105
4046
5047
3127
3126
3125
3124
3120
3119
3118
3117
3116
3114
3113
3112
3108
3107
3105
3104
3103
3102
3101
3100
3096
8920
6647
8908
8102
6655
8892
7976
7769
1010
7817
7762
7218
7149
7162
7194
7141
6109
5088
4029
3089
3088
3087
3084
3083
3082
3081
3080
3079
3078
3076
3075
3074
7854
5505
7881
7800
7221
6622
5096
6048
7953
1029
1019
1028
1025
1021
1020
1014
3047
8884
3031
6616
8899
8928
8880
8882
8890
7130
7229
6106
7041
8913
8857
8097
6108
1002
7871
3061
3060
3059
3056
3050
8119
8118
8116
8115
8114
8113
8112
7253
7251
9150
8107
8106
8103
7249
7245
7244
7243
6139
6135
1026
1024
8806
7241
5508
1015
5503
3041
8861
7885
3029
3011
7823
7898
7889
7963
7113
8900
5095
8916
7907
7844
8885
7940
7974
7786
6643
8934
6115
4033
7937
7169
9904
8036
8929
8904
8870
7825
7811
7228
7223
7058
5502
5092
5087
8859
8856
8850
8835
8817
8816
8098
8039
7981
7870
7818
8805
5107
7943
7893
7927
7933
6116
7771
8838
8924
7942
6640
8919
6635
7908
8915
4034
6114
6133
4009
5097
5099
5512
8918
8869
4022
8912
6636
5116
6644
6641
7959
6633
7972
8909
7913
7958
7952
7950
7939
7916
6634
8876
6649
6638
7915
8848
6628
7926
4036
4045
6072
1712
6631
7707
7174
6629
7765
6650
4043
4042
6118
5117
5101
4039
4041
6124
7807
5102
7842
7856
8867
7810
7795
5073
6132
5118
5119
5121
6630
5105
5074
8812
5098
7234
8855
6112
7237
6130
5112
1701
6119
7794
8878
5052
5114
6126
4026
7238
7231
4035
6606
7857
7845
5070
7804
7783
8877
7779
6117
5111
4048
6127
6129
7232
5091
5115
9903
5103
8854
6607
6615
7859
7855
6128
7774
7240
6113
4006
7788
6062
7219
7233
7887
7890
7874
7880
5509
6619
6625
7824
8872
8866
6620
5027
8041
4014
8101
8808
4011
7891
6621
4032
7235
7230
8804
5079
7705
7801
6103
7867
8865
5060
8832
6609
6102
6612
7721
6601
8874
7862
7089
8100
7852
7829
7843
7731
6613
6094
6101
6093
6098
7055
6107
7118
7117
1522
7035
8038
7100
6088
8846
7864
8099
8005
7819
7777
7727
7225
8871
7725
7738
7227
5090
5086
8886
8841
1001
7226
6100
7741
7770
5089
7808
7809
7821
7081
7858
7850
7143
4030
7776
7863
8864
5084
8851
7802
7799
8836
7790
205
7213
7212
7803
7849
6092
7782
7215
7216
6099
5085
17003
6614
774
6097
5083
195
6003
7814
8819
7706
6604
5053
225
5075
8842
7200
7778
8822
8802
7750
7740
7711
7792
7710
5081
7138
0001
7208
7812
7102
4028
7755
6058
7734
8033
5077
7775
6608
7195
1
7780
7754
8825
7189
6080
7726
8809
6022
7210
7211
8037
8834
6042
8839
8824
7140
6090
7170
7205
5019
7099
7742
6061
8831
8827
8823
7732
8002
7129
4017
8017
7751
7209
7766
5057
6096
7182
5080
7199
7023
8027
5023
7171
6043
6030
7084
7086
6064
6605
6041
7125
7712
8801
7789
6087
7183
7781
8820
7198
8814
7736
6037
7163
6095
7206
7204
7203
7202
7201
6091
7743
7798
8016
8019
8837
7124
6089
7715
7737
1803
8847
7095
9901
6050
7723
4002
5025
6055
8020
8032
7075
7014
7701
4025
7761
8826
5071
7764
7760
4004
7128
7167
7064
7753
7797
7747
7197
798
7708
5064
5029
7728
8024
7126
8030
7076
5058
7768
6054
7165
7057
7166
7733
6603
6075
5056
7756
1802
5055
5045
5003
5063
8803
6045
6076
5054
5031
5062
7716
7744
5049
5046
4010
7077
6602
4003
7713
7757
7748
4021
7154
7746
6073
7718
7168
7030
7720
5043
8031
4012
6082
6060
6077
1519
7178
1711
4008
1516
5044
4015
6059
6078
4005
1704
1518
4007
5040
7703
4020
1714
5036
7173
6069
7709
5041
7175
5033
5050
6067
5035
7179
6063
17001
5032
1517
7087
7148
8012
7151
7116
5030
7172
7176
6004
6019
7091
7153
8015
7164
16000
6040
7161
6057
7142
5028
5026
7110
5024
6052
7145
7066
6047
7120
7111
8028
783
6056
6051
7005
8014
7108
8021
7106
7002
7150
7101
7137
7131
7133
7115
5011
8025
7072
6038
7123
8011
15001
7039
7121
1511
5014
5020
7136
7114
6032
7109
7132
7146
7078
5016
5017
7025
7147
7105
5013
8026
7135
6021
7134
6053
7144
7096
6036
4001
6014
7038
7127
8013
6046
5015
7097
7074
6044
7082
7103
8003
7045
7050
7085
7006
7073
7067
5008
7047
8092
7080
799
7004
7079
7083
5006
516
6008
285
7071
517
8010
7090
7092
5012
7056
5004
6031
7040
7010
8004
7021
7070
7068
8009
7007
777
6000
7046
7031
6028
7044
7011
6013
6009
6005
7022
6034
7052
7020
7026
6023
7034
5010
7061
1403
7032
6001
7012
8001
5005
7013
7063
7065
6027
6002
6016
7027
6024
6025
5009
8006
6011
7036
795
7053
7051
6017
7029
6010
7024
7008
7033
761
762
6006
792
7043
7054
7060
6026
7019
7016
7017
727
7015
7018
6015
6018
7001
5001
778
518
6007
5002
6012
7003
1702
1706
1606
1707
5
1607
1777
1618
1515
724
788
725
794
746
773
797
791
771
730
740
782
796
630
763
772
780
627
787
717
624
790
779
626
781
623
625
728
786
743
1801
701
1705
1504
511
1612
1614
1505
1617
1521
1404
1737
736
715
1703
1501
1710
512
760
735
714
1610
1611
732
1615
1520
718
731
1616
1613
1609
741
726
1708
215
7
1109
8845
6169
1040
1038
6168
3106
8433
1046
1104
8460
9916
8464
8463
8462
8461
8455
8451
7442
6676
6674
6673
5555
7408
7426
1108
3008
1107
1105
7441
3140
3402
3401
3400
1106
1095
1077
3171
3170
1102
1101
3167
3168
6134
5100
7980
7960
7946
7932
7931
7928
7920
7904
6645
6639
1103
1100
1099
3169
5149
4101
1093
1090
8465
8456
7446
7445
7440
7443
8458
6672
7902
7886
7415
1097
3166
1081
1079
1080
3165
1094
3027
1064
8448
7416
8416
8434
8424
1098
7984
7983
7431
4044
4040
4037
4027
3067
3051
1096
1078
1092
7892
1089
8450
7749
5506
2719
2718
2717
2716
2715
2714
2713
2712
2705
2704
2702
2699
2695
2691
2686
2685
2684
2683
2682
2681
2680
2679
2675
2674
2673
2672
2671
2670
2669
2668
2667
2666
2665
2664
2663
2662
2661
2660
2659
2658
2657
2656
2655
2632
2625
2623
2622
2620
2619
2617
2616
2615
2614
2613
2612
2611
2610
2609
2608
2607
2606
2605
2604
2603
2602
2601
2600
2599
2598
2597
2596
2595
2594
2593
2591
2590
2589
2588
2587
2586
2585
2584
2583
2582
2581
2580
2579
2578
2577
2576
2573
2572
2571
2570
2569
2568
2567
2565
2564
2563
2562
2561
2559
2558
2557
2556
2555
2554
2553
2552
2551
2550
2549
2548
2547
2546
2545
2544
2543
2542
2541
2540
3149
6667
3163
3162
3160
3158
3157
3164
3161
3159
3156
3155
1091
1088
1087
1086
1084
1083
3002
3142
3148
3143
3145
1073
3144
3003
3004
3007
3010
3012
3009
3018
3150
3023
3022
3020
3044
3024
3054
3025
3045
3052
3072
3073
3055
3062
3071
3068
3057
3086
3098
3115
3097
5108
4019
4047
5510
6125
6637
7236
5113
7897
7906
7918
5120
7919
7951
7957
7947
7956
7925
7944
7929
7962
1082
3141
8906
8917
7965
5007
7905
7954
7909
7242
7911
7917
6642
8042
6144
1016
1013
1022
8833
3039
8830
7971
8889
7970
6617
7938
7879
4050
7884
8905
8903
7239
6123
6122
6121
1012
8446
7822
7841
8862
8879
7834
7866
8815
7796
8860
7860
8893
8888
7992
8927
8911
7982
7961
7935
7973
7968
7934
7930
7745
7805
7875
8852
8863
3931
3930
3929
3928
3927
3926
3925
3924
3923
3922
3921
3920
3919
3918
3917
3916
3915
3914
3913
3912
3911
3910
3909
3908
3907
3906
3905
3904
3903
3902
3901
3900
3899
3898
3897
3896
3895
3894
3893
3892
3891
3890
3889
3888
3887
3886
3885
3884
3883
3882
3881
3880
3879
3878
3877
3876
3875
3874
3873
3872
3871
3870
3869
3868
3867
3866
3865
3864
3863
3862
3861
3860
3859
3858
3857
3856
3855
3854
3853
3852
3851
3850
3849
3848
3847
3846
3845
3844
3843
3842
3841
3840
3839
3838
3837
3836
3835
3834
3833
3832
3831
3830
3829
3828
3827
3826
3825
3824
3823
3822
3821
3820
3819
3818
3817
3816
3815
3814
3813
3812
3811
3810
3809
3808
3807
3806
3805
3804
3803
3802
3801
3800
3799
3798
3797
3796
3795
3794
3793
3792
3791
3790
3789
3788
3787
3786
3785
3784
3783
3782
3781
3780
3779
3778
3777
3776
3775
3774
3773
3772
3771
3770
3769
3768
3767
3766
3765
3764
3763
3762
3761
3760
3759
3758
3757
3756
3755
3754
3753
3752
3751
3750
3749
3748
3747
3746
3745
3744
3743
3742
3741
3740
3739
3738
3737
3736
3735
3734
3733
3732
3731
3730
3729
3728
3727
3726
3725
3724
3723
3722
3721
3720
3719
3718
3717
3716
3715
3714
3713
3712
3711
3710
3709
3708
3707
3706
3705
3704
3703
3702
3701
3700
3699
3698
3697
3696
3154
3153
3695
3694
3693
3692
3691
3690
3689
3688
3687
3686
3685
3684
3683
3682
3681
3680
3679
3678
3677
3676
3675
3674
3673
3672
3671
3670
3669
3668
3667
3666
3665
3664
3663
3662
3661
3660
3659
3658
3657
3656
3655
3654
3653
3652
3651
3650
3649
3648
3647
3646
3645
3644
3643
3642
3641
3640
3639
3638
3637
3636
3635
3634
3633
3632
3631
3630
3629
3628
3627
3626
3625
3624
3623
3622
3621
3620
3619
3618
3617
3616
3615
3614
8891
8895
8922
8117
5137
4106
5148
1076
6147
3516
3517
8445
8853
8810
7758
7739
3090
3123
8887
7816
6161
6611
7436
7861
1018
8821
8868
7878
7899
7828
7772
7156
7207
7104
3152
8907
7966
7912
7895
6653
6131
6120
3099
3095
3085
3070
3064
3058
3049
3046
7433
3094
3028
3043
3042
3038
3034
3040
3033
7112
9902
8813
7837
8399
3151
8413
9914
9913
9912
9911
8441
8404
8436
8435
8407
7428
7411
7407
1074
3036
1011
3037
8408
8410
8402
8403
3613
1068
7994
1075
8418
3077
3017
3016
7098
7427
8447
7948
8828
8883
5153
7851
1023
5501
7409
1072
1030
8452
8440
8457
8415
8412
8439
8454
8422
8411
7412
6666
7432
7414
7413
7410
7406
7405
7404
7402
7277
7278
7403
7422
7815
3147
3146
1048
8442
8432
8430
7438
7437
7420
6670
6668
7883
3514
3512
3515
6049
7735
3513
3518
8898
8443
8437
8429
8428
8401
7435
7430
7425
7418
6669
8431
8423
8400
7429
7424
7400
6671
8923
3559
3558
3577
3563
3543
3540
3530
3580
3581
3546
3521
3561
3532
3536
3537
3538
3539
3525
3551
3553
3555
3567
3572
3570
3528
3548
3527
3531
3535
3533
3523
3524
3565
3568
3520
3578
3542
3519
3579
3534
3576
3556
3603
3544
3582
3571
3602
3596
3575
3522
3612
3589
3557
3566
3590
3545
3560
3605
3599
3529
3584
3547
3550
3600
3588
3611
3573
3574
3586
3608
3595
3604
3587
3583
3598
3607
3549
3554
3591
3594
3592
3606
3541
3609
3593
3552
3526
3562
3585
3610
3601
3569
8420
7434
7419
8873
7836
7853
7714
5504
6646
1070
8444
8427
7421
3510
3509
3508
7255
8135
5147
7832
7894
7028
3511
3507
3506
3505
3504
3503
3502
1066
7417
1071
7423
8419
8426
8425
1065
8438
7730
1067
1063
8935
7267
1060
6624
7220
7830
7838
7977
5122
7793
7827
7903
7835
7217
8933
7901
8122
7252
6171
5154
5127
8936
7865
1059
3134
3019
1062
2146826273
1045
3048
8840
7259
1061
1041
7785
7722
8914
8406
7094
7848
6170
7273
1058
1057
1056
1055
1054
7833
7955
7719
7791
7869
8829
8843
4049
7088
8104
7274
7882
7275
7263
3138
3137
3136
1053
1052
1051
1050
1049
1047
1037
1027
3013
7847
7949
6110
3063
3053
1034
7276
7839
7724
7767
7224
7107
8849
2001
8902
1043
7784
7820
7831
7846
7729
7752
7876
7177
8896
6648
1042
8811
7840
7759
7826
7214
5082
5128
5123
3026
8931
7872
7877
7910
8807
7272
6152
1039
789
3032
4401
3030
3139
3135
3133
3132
3131
3122
3121
1036
3130
3129
3128
8128
6651
7873
8881
3092
3069
3005
6146
8134
8133
8132
8131
8130
8129
8127
7271
7270
7269
7268
6166
7254
5507
3093
3091
4031
3014
3001
1009
8126
8125
8124
8123
8121
7260
7258
7257
7256
7250
7247
7246
6165
6164
6163
6162
6160
6150
6149
6148
6145
6143
6142
6141
6140
6138
6136
5152
5151
5150
5146
5145
5144
5143
5142
5141
5140
5139
5138
5136
5135
5134
5133
5132
5131
5130
5129
5126
5125
5124
4110
4109
4108
4107
4105
4104
4103
4102
3035
8858
7945
7896
7773
7787
7763
7152
5093
3015
8894
8901
7868
6618
6623
3066
3065
8120
7266
7265
7264
7262
7261
6159
6158
6157
6156
6155
6154
6153
6151
6079
3111
1031
7979
7813
7119
6626
6104
6105
4046
5047
3127
3126
3125
3124
3120
3119
3118
3117
3116
3114
3113
3112
3108
3107
3105
3104
3103
3102
3101
3100
3096
8920
6647
8908
8102
6655
8892
7976
7769
1010
7817
7762
7218
7149
7162
7194
7141
6109
5088
4029
3089
3088
3087
3084
3083
3082
3081
3080
3079
3078
3076
3075
3074
7854
5505
7881
7800
7221
6622
5096
6048
7953
1029
1019
1028
1025
1021
1020
1014
3047
8884
3031
6616
8899
8928
8880
8882
8890
7130
7229
6106
7041
8913
8857
8097
6108
1002
7871
3061
3060
3059
3056
3050
8119
8118
8116
8115
8114
8113
8112
7253
7251
9150
8107
8106
8103
7249
7245
7244
7243
6139
6135
1026
1024
8806
7241
5508
1015
5503
3041
8861
7885
3029
3011
7823
7898
7889
7963
7113
8900
5095
8916
7907
7844
8885
7940
7974
7786
6643
8934
6115
4033
7937
7169
9904
8036
8929
8904
8870
7825
7811
7228
7223
7058
5502
5092
5087
8859
8856
8850
8835
8817
8816
8098
8039
7981
7870
7818
8805
5107
7943
7893
7927
7933
6116
7771
8838
8924
7942
6640
8919
6635
7908
8915
4034
6114
6133
4009
5097
5099
5512
8918
8869
4022
8912
6636
5116
6644
6641
7959
6633
7972
8909
7913
7958
7952
7950
7939
7916
6634
8876
6649
6638
7915
8848
6628
7926
4036
4045
6072
1712
6631
7707
7174
6629
7765
6650
4043
4042
6118
5117
5101
4039
4041
6124
7807
5102
7842
7856
8867
7810
7795
5073
6132
5118
5119
5121
6630
5105
5074
8812
5098
7234
8855
6112
7237
6130
5112
1701
6119
7794
8878
5052
5114
6126
4026
7238
7231
4035
6606
7857
7845
5070
7804
7783
8877
7779
6117
5111
4048
6127
6129
7232
5091
5115
9903
5103
8854
6607
6615
7859
7855
6128
7774
7240
6113
4006
7788
6062
7219
7233
7887
7890
7874
7880
5509
6619
6625
7824
8872
8866
6620
5027
8041
4014
8101
8808
4011
7891
6621
4032
7235
7230
8804
5079
7705
7801
6103
7867
8865
5060
8832
6609
6102
6612
7721
6601
8874
7862
7089
8100
7852
7829
7843
7731
6613
6094
6101
6093
6098
7055
6107
7118
7117
1522
7035
8038
7100
6088
8846
7864
8099
8005
7819
7777
7727
7225
8871
7725
7738
7227
5090
5086
8886
8841
1001
7226
6100
7741
7770
5089
7808
7809
7821
7081
7858
7850
7143
4030
7776
7863
8864
5084
8851
7802
7799
8836
7790
205
7213
7212
7803
7849
6092
7782
7215
7216
6099
5085
17003
6614
774
6097
5083
195
6003
7814
8819
7706
6604
5053
225
5075
8842
7200
7778
8822
8802
7750
7740
7711
7792
7710
5081
7138
0001
7208
7812
7102
4028
7755
6058
7734
8033
5077
7775
6608
7195
1
7780
7754
8825
7189
6080
7726
8809
6022
7210
7211
8037
8834
6042
8839
8824
7140
6090
7170
7205
5019
7099
7742
6061
8831
8827
8823
7732
8002
7129
4017
8017
7751
7209
7766
5057
6096
7182
5080
7199
7023
8027
5023
7171
6043
6030
7084
7086
6064
6605
6041
7125
7712
8801
7789
6087
7183
7781
8820
7198
8814
7736
6037
7163
6095
7206
7204
7203
7202
7201
6091
7743
7798
8016
8019
8837
7124
6089
7715
7737
1803
8847
7095
9901
6050
7723
4002
5025
6055
8020
8032
7075
7014
7701
4025
7761
8826
5071
7764
7760
4004
7128
7167
7064
7753
7797
7747
7197
798
7708
5064
5029
7728
8024
7126
8030
7076
5058
7768
6054
7165
7057
7166
7733
6603
6075
5056
7756
1802
5055
5045
5003
5063
8803
6045
6076
5054
5031
5062
7716
7744
5049
5046
4010
7077
6602
4003
7713
7757
7748
4021
7154
7746
6073
7718
7168
7030
7720
5043
8031
4012
6082
6060
6077
1519
7178
1711
4008
1516
5044
4015
6059
6078
4005
1704
1518
4007
5040
7703
4020
1714
5036
7173
6069
7709
5041
7175
5033
5050
6067
5035
7179
6063
17001
5032
1517
7087
7148
8012
7151
7116
5030
7172
7176
6004
6019
7091
7153
8015
7164
16000
6040
7161
6057
7142
5028
5026
7110
5024
6052
7145
7066
6047
7120
7111
8028
783
6056
6051
7005
8014
7108
8021
7106
7002
7150
7101
7137
7131
7133
7115
5011
8025
7072
6038
7123
8011
15001
7039
7121
1511
5014
5020
7136
7114
6032
7109
7132
7146
7078
5016
5017
7025
7147
7105
5013
8026
7135
6021
7134
6053
7144
7096
6036
4001
6014
7038
7127
8013
6046
5015
7097
7074
6044
7082
7103
8003
7045
7050
7085
7006
7073
7067
5008
7047
8092
7080
799
7004
7079
7083
5006
516
6008
285
7071
517
8010
7090
7092
5012
7056
5004
6031
7040
7010
8004
7021
7070
7068
8009
7007
777
6000
7046
7031
6028
7044
7011
6013
6009
6005
7022
6034
7052
7020
7026
6023
7034
5010
7061
1403
7032
6001
7012
8001
5005
7013
7063
7065
6027
6002
6016
7027
6024
6025
5009
8006
6011
7036
795
7053
7051
6017
7029
6010
7024
7008
7033
761
762
6006
792
7043
7054
7060
6026
7019
7016
7017
727
7015
7018
6015
6018
7001
5001
778
518
6007
5002
6012
7003
1702
1706
1606
1707
5
1607
1777
1618
1515
724
788
725
794
746
773
797
791
771
730
740
782
796
630
763
772
780
627
787
717
624
790
779
626
781
623
625
728
786
743
1801
701
1705
1504
511
1612
1614
1505
1617
1521
1404
1737
736
715
1703
1501
1710
512
760
735
714
1610
1611
732
1615
1520
718
731
1616
1613
1609
741
726
1708
215
7
1109
8845
6169
1040
1038
6168
3106
8433
1046
1104
8460
9916
8464
8463
8462
8461
8455
8451
7442
6676
6674
6673
5555
7408
7426
1108
3008
1107
1105
7441
3140
3402
3401
3400
1106
1095
1077
3171
3170
1102
1101
3167
3168
6134
5100
7980
7960
7946
7932
7931
7928
7920
7904
6645
6639
1103
1100
1099
3169
5149
4101
1093
1090
8465
8456
7446
7445
7440
7443
8458
6672
7902
7886
7415
1097
3166
1081
1079
1080
3165
1094
3027
1064
8448
7416
8416
8434
8424
1098
7984
7983
7431
4044
4040
4037
4027
3067
3051
1096
1078
1092
7892
1089
8450
7749
5506
2719
2718
2717
2716
2715
2714
2713
2712
2705
2704
2702
2699
2695
2691
2686
2685
2684
2683
2682
2681
2680
2679
2675
2674
2673
2672
2671
2670
2669
2668
2667
2666
2665
2664
2663
2662
2661
2660
2659
2658
2657
2656
2655
2632
2625
2623
2622
2620
2619
2617
2616
2615
2614
2613
2612
2611
2610
2609
2608
2607
2606
2605
2604
2603
2602
2601
2600
2599
2598
2597
2596
2595
2594
2593
2591
2590
2589
2588
2587
2586
2585
2584
2583
2582
2581
2580
2579
2578
2577
2576
2573
2572
2571
2570
2569
2568
2567
2565
2564
2563
2562
2561
2559
2558
2557
2556
2555
2554
2553
2552
2551
2550
2549
2548
2547
2546
2545
2544
2543
2542
2541
2540
3149
6667
3163
3162
3160
3158
3157
3164
3161
3159
3156
3155
1091
1088
1087
1086
1084
1083
3002
3142
3148
3143
3145
1073
3144
3003
3004
3007
3010
3012
3009
3018
3150
3023
3022
3020
3044
3024
3054
3025
3045
3052
3072
3073
3055
3062
3071
3068
3057
3086
3098
3115
3097
5108
4019
4047
5510
6125
6637
7236
5113
7897
7906
7918
5120
7919
7951
7957
7947
7956
7925
7944
7929
7962
1082
3141
8906
8917
7965
5007
7905
7954
7909
7242
7911
7917
6642
8042
6144
1016
1013
1022
8833
3039
8830
7971
8889
7970
6617
7938
7879
4050
7884
8905
8903
7239
6123
6122
6121
1012
8446
7822
7841
8862
8879
7834
7866
8815
7796
8860
7860
8893
8888
7992
8927
8911
7982
7961
7935
7973
7968
7934
7930
7745
7805
7875
8852
8863
3931
3930
3929
3928
3927
3926
3925
3924
3923
3922
3921
3920
3919
3918
3917
3916
3915
3914
3913
3912
3911
3910
3909
3908
3907
3906
3905
3904
3903
3902
3901
3900
3899
3898
3897
3896
3895
3894
3893
3892
3891
3890
3889
3888
3887
3886
3885
3884
3883
3882
3881
3880
3879
3878
3877
3876
3875
3874
3873
3872
3871
3870
3869
3868
3867
3866
3865
3864
3863
3862
3861
3860
3859
3858
3857
3856
3855
3854
3853
3852
3851
3850
3849
3848
3847
3846
3845
3844
3843
3842
3841
3840
3839
3838
3837
3836
3835
3834
3833
3832
3831
3830
3829
3828
3827
3826
3825
3824
3823
3822
3821
3820
3819
3818
3817
3816
3815
3814
3813
3812
3811
3810
3809
3808
3807
3806
3805
3804
3803
3802
3801
3800
3799
3798
3797
3796
3795
3794
3793
3792
3791
3790
3789
3788
3787
3786
3785
3784
3783
3782
3781
3780
3779
3778
3777
3776
3775
3774
3773
3772
3771
3770
3769
3768
3767
3766
3765
3764
3763
3762
3761
3760
3759
3758
3757
3756
3755
3754
3753
3752
3751
3750
3749
3748
3747
3746
3745
3744
3743
3742
3741
3740
3739
3738
3737
3736
3735
3734
3733
3732
3731
3730
3729
3728
3727
3726
3725
3724
3723
3722
3721
3720
3719
3718
3717
3716
3715
3714
3713
3712
3711
3710
3709
3708
3707
3706
3705
3704
3703
3702
3701
3700
3699
3698
3697
3696
3154
3153
3695
3694
3693
3692
3691
3690
3689
3688
3687
3686
3685
3684
3683
3682
3681
3680
3679
3678
3677
3676
3675
3674
3673
3672
3671
3670
3669
3668
3667
3666
3665
3664
3663
3662
3661
3660
3659
3658
3657
3656
3655
3654
3653
3652
3651
3650
3649
3648
3647
3646
3645
3644
3643
3642
3641
3640
3639
3638
3637
3636
3635
3634
3633
3632
3631
3630
3629
3628
3627
3626
3625
3624
3623
3622
3621
3620
3619
3618
3617
3616
3615
3614
8891
8895
8922
8117
5137
4106
5148
1076
6147
3516
3517
8445
8853
8810
7758
7739
3090
3123
8887
7816
6161
6611
7436
7861
1018
8821
8868
7878
7899
7828
7772
7156
7207
7104
3152
8907
7966
7912
7895
6653
6131
6120
3099
3095
3085
3070
3064
3058
3049
3046
7433
3094
3028
3043
3042
3038
3034
3040
3033
7112
9902
8813
7837
8399
3151
8413
9914
9913
9912
9911
8441
8404
8436
8435
8407
7428
7411
7407
1074
3036
1011
3037
8408
8410
8402
8403
3613
1068
7994
1075
8418
3077
3017
3016
7098
7427
8447
7948
8828
8883
5153
7851
1023
5501
7409
1072
1030
8452
8440
8457
8415
8412
8439
8454
8422
8411
7412
6666
7432
7414
7413
7410
7406
7405
7404
7402
7277
7278
7403
7422
7815
3147
3146
1048
8442
8432
8430
7438
7437
7420
6670
6668
7883
3514
3512
3515
6049
7735
3513
3518
8898
8443
8437
8429
8428
8401
7435
7430
7425
7418
6669
8431
8423
8400
7429
7424
7400
6671
8923
3559
3558
3577
3563
3543
3540
3530
3580
3581
3546
3521
3561
3532
3536
3537
3538
3539
3525
3551
3553
3555
3567
3572
3570
3528
3548
3527
3531
3535
3533
3523
3524
3565
3568
3520
3578
3542
3519
3579
3534
3576
3556
3603
3544
3582
3571
3602
3596
3575
3522
3612
3589
3557
3566
3590
3545
3560
3605
3599
3529
3584
3547
3550
3600
3588
3611
3573
3574
3586
3608
3595
3604
3587
3583
3598
3607
3549
3554
3591
3594
3592
3606
3541
3609
3593
3552
3526
3562
3585
3610
3601
3569
8420
7434
7419
8873
7836
7853
7714
5504
6646
1070
8444
8427
7421
3510
3509
3508
7255
8135
5147
7832
7894
7028
3511
3507
3506
3505
3504
3503
3502
1066
7417
1071
7423
8419
8426
8425
1065
8438
7730
1067
1063
8935
7267
1060
6624
7220
7830
7838
7977
5122
7793
7827
7903
7835
7217
8933
7901
8122
7252
6171
5154
5127
8936
7865
1059
3134
3019
1062
2146826273
1045
3048
8840
7259
1061
1041
7785
7722
8914
8406
7094
7848
6170
7273
1058
1057
1056
1055
1054
7833
7955
7719
7791
7869
8829
8843
4049
7088
8104
7274
7882
7275
7263
3138
3137
3136
1053
1052
1051
1050
1049
1047
1037
1027
3013
7847
7949
6110
3063
3053
1034
7276
7839
7724
7767
7224
7107
8849
2001
8902
1043
7784
7820
7831
7846
7729
7752
7876
7177
8896
6648
1042
8811
7840
7759
7826
7214
5082
5128
5123
3026
8931
7872
7877
7910
8807
7272
6152
1039
789
3032
4401
3030
3139
3135
3133
3132
3131
3122
3121
1036
3130
3129
3128
8128
6651
7873
8881
3092
3069
3005
6146
8134
8133
8132
8131
8130
8129
8127
7271
7270
7269
7268
6166
7254
5507
3093
3091
4031
3014
3001
1009
8126
8125
8124
8123
8121
7260
7258
7257
7256
7250
7247
7246
6165
6164
6163
6162
6160
6150
6149
6148
6145
6143
6142
6141
6140
6138
6136
5152
5151
5150
5146
5145
5144
5143
5142
5141
5140
5139
5138
5136
5135
5134
5133
5132
5131
5130
5129
5126
5125
5124
4110
4109
4108
4107
4105
4104
4103
4102
3035
8858
7945
7896
7773
7787
7763
7152
5093
3015
8894
8901
7868
6618
6623
3066
3065
8120
7266
7265
7264
7262
7261
6159
6158
6157
6156
6155
6154
6153
6151
6079
3111
1031
7979
7813
7119
6626
6104
6105
4046
5047
3127
3126
3125
3124
3120
3119
3118
3117
3116
3114
3113
3112
3108
3107
3105
3104
3103
3102
3101
3100
3096
8920
6647
8908
8102
6655
8892
7976
7769
1010
7817
7762
7218
7149
7162
7194
7141
6109
5088
4029
3089
3088
3087
3084
3083
3082
3081
3080
3079
3078
3076
3075
3074
7854
5505
7881
7800
7221
6622
5096
6048
7953
1029
1019
1028
1025
1021
1020
1014
3047
8884
3031
6616
8899
8928
8880
8882
8890
7130
7229
6106
7041
8913
8857
8097
6108
1002
7871
3061
3060
3059
3056
3050
8119
8118
8116
8115
8114
8113
8112
7253
7251
9150
8107
8106
8103
7249
7245
7244
7243
6139
6135
1026
1024
8806
7241
5508
1015
5503
3041
8861
7885
3029
3011
7823
7898
7889
7963
7113
8900
5095
8916
7907
7844
8885
7940
7974
7786
6643
8934
6115
4033
7937
7169
9904
8036
8929
8904
8870
7825
7811
7228
7223
7058
5502
5092
5087
8859
8856
8850
8835
8817
8816
8098
8039
7981
7870
7818
8805
5107
7943
7893
7927
7933
6116
7771
8838
8924
7942
6640
8919
6635
7908
8915
4034
6114
6133
4009
5097
5099
5512
8918
8869
4022
8912
6636
5116
6644
6641
7959
6633
7972
8909
7913
7958
7952
7950
7939
7916
6634
8876
6649
6638
7915
8848
6628
7926
4036
4045
6072
1712
6631
7707
7174
6629
7765
6650
4043
4042
6118
5117
5101
4039
4041
6124
7807
5102
7842
7856
8867
7810
7795
5073
6132
5118
5119
5121
6630
5105
5074
8812
5098
7234
8855
6112
7237
6130
5112
1701
6119
7794
8878
5052
5114
6126
4026
7238
7231
4035
6606
7857
7845
5070
7804
7783
8877
7779
6117
5111
4048
6127
6129
7232
5091
5115
9903
5103
8854
6607
6615
7859
7855
6128
7774
7240
6113
4006
7788
6062
7219
7233
7887
7890
7874
7880
5509
6619
6625
7824
8872
8866
6620
5027
8041
4014
8101
8808
4011
7891
6621
4032
7235
7230
8804
5079
7705
7801
6103
7867
8865
5060
8832
6609
6102
6612
7721
6601
8874
7862
7089
8100
7852
7829
7843
7731
6613
6094
6101
6093
6098
7055
6107
7118
7117
1522
7035
8038
7100
6088
8846
7864
8099
8005
7819
7777
7727
7225
8871
7725
7738
7227
5090
5086
8886
8841
1001
7226
6100
7741
7770
5089
7808
7809
7821
7081
7858
7850
7143
4030
7776
7863
8864
5084
8851
7802
7799
8836
7790
205
7213
7212
7803
7849
6092
7782
7215
7216
6099
5085
17003
6614
774
6097
5083
195
6003
7814
8819
7706
6604
5053
225
5075
8842
7200
7778
8822
8802
7750
7740
7711
7792
7710
5081
7138
0001
7208
7812
7102
4028
7755
6058
7734
8033
5077
7775
6608
7195
1
7780
7754
8825
7189
6080
7726
8809
6022
7210
7211
8037
8834
6042
8839
8824
7140
6090
7170
7205
5019
7099
7742
6061
8831
8827
8823
7732
8002
7129
4017
8017
7751
7209
7766
5057
6096
7182
5080
7199
7023
8027
5023
7171
6043
6030
7084
7086
6064
6605
6041
7125
7712
8801
7789
6087
7183
7781
8820
7198
8814
7736
6037
7163
6095
7206
7204
7203
7202
7201
6091
7743
7798
8016
8019
8837
7124
6089
7715
7737
1803
8847
7095
9901
6050
7723
4002
5025
6055
8020
8032
7075
7014
7701
4025
7761
8826
5071
7764
7760
4004
7128
7167
7064
7753
7797
7747
7197
798
7708
5064
5029
7728
8024
7126
8030
7076
5058
7768
6054
7165
7057
7166
7733
6603
6075
5056
7756
1802
5055
5045
5003
5063
8803
6045
6076
5054
5031
5062
7716
7744
5049
5046
4010
7077
6602
4003
7713
7757
7748
4021
7154
7746
6073
7718
7168
7030
7720
5043
8031
4012
6082
6060
6077
1519
7178
1711
4008
1516
5044
4015
6059
6078
4005
1704
1518
4007
5040
7703
4020
1714
5036
7173
6069
7709
5041
7175
5033
5050
6067
5035
7179
6063
17001
5032
1517
7087
7148
8012
7151
7116
5030
7172
7176
6004
6019
7091
7153
8015
7164
16000
6040
7161
6057
7142
5028
5026
7110
5024
6052
7145
7066
6047
7120
7111
8028
783
6056
6051
7005
8014
7108
8021
7106
7002
7150
7101
7137
7131
7133
7115
5011
8025
7072
6038
7123
8011
15001
7039
7121
1511
5014
5020
7136
7114
6032
7109
7132
7146
7078
5016
5017
7025
7147
7105
5013
8026
7135
6021
7134
6053
7144
7096
6036
4001
6014
7038
7127
8013
6046
5015
7097
7074
6044
7082
7103
8003
7045
7050
7085
7006
7073
7067
5008
7047
8092
7080
799
7004
7079
7083
5006
516
6008
285
7071
517
8010
7090
7092
5012
7056
5004
6031
7040
7010
8004
7021
7070
7068
8009
7007
777
6000
7046
7031
6028
7044
7011
6013
6009
6005
7022
6034
7052
7020
7026
6023
7034
5010
7061
1403
7032
6001
7012
8001
5005
7013
7063
7065
6027
6002
6016
7027
6024
6025
5009
8006
6011
7036
795
7053
7051
6017
7029
6010
7024
7008
7033
761
762
6006
792
7043
7054
7060
6026
7019
7016
7017
727
7015
7018
6015
6018
7001
5001
778
518
6007
5002
6012
7003
1702
1706
1606
1707
5
1607
1777
1618
1515
724
788
725
794
746
773
797
791
771
730
740
782
796
630
763
772
780
627
787
717
624
790
779
626
781
623
625
728
786
743
1801
701
1705
1504
511
1612
1614
1505
1617
1521
1404
1737
736
715
1703
1501
1710
512
760
735
714
1610
1611
732
1615
1520
718
731
1616
1613
1609
741
726
1708
215
7
1109
8845
6169
1040
1038
6168
3106
8433
1046
1104
8460
9916
8464
8463
8462
8461
8455
8451
7442
6676
6674
6673
5555
7408
7426
1108
3008
1107
1105
7441
3140
3402
3401
3400
1106
1095
1077
3171
3170
1102
1101
3167
3168
6134
5100
7980
7960
7946
7932
7931
7928
7920
7904
6645
6639
1103
1100
1099
3169
5149
4101
1093
1090
8465
8456
7446
7445
7440
7443
8458
6672
7902
7886
7415
1097
3166
1081
1079
1080
3165
1094
3027
1064
8448
7416
8416
8434
8424
1098
7984
7983
7431
4044
4040
4037
4027
3067
3051
1096
1078
1092
7892
1089
8450
7749
5506
2719
2718
2717
2716
2715
2714
2713
2712
2705
2704
2702
2699
2695
2691
2686
2685
2684
2683
2682
2681
2680
2679
2675
2674
2673
2672
2671
2670
2669
2668
2667
2666
2665
2664
2663
2662
2661
2660
2659
2658
2657
2656
2655
2632
2625
2623
2622
2620
2619
2617
2616
2615
2614
2613
2612
2611
2610
2609
2608
2607
2606
2605
2604
2603
2602
2601
2600
2599
2598
2597
2596
2595
2594
2593
2591
2590
2589
2588
2587
2586
2585
2584
2583
2582
2581
2580
2579
2578
2577
2576
2573
2572
2571
2570
2569
2568
2567
2565
2564
2563
2562
2561
2559
2558
2557
2556
2555
2554
2553
2552
2551
2550
2549
2548
2547
2546
2545
2544
2543
2542
2541
2540
3149
6667
3163
3162
3160
3158
3157
3164
3161
3159
3156
3155
1091
1088
1087
1086
1084
1083
3002
3142
3148
3143
3145
1073
3144
3003
3004
3007
3010
3012
3009
3018
3150
3023
3022
3020
3044
3024
3054
3025
3045
3052
3072
3073
3055
3062
3071
3068
3057
3086
3098
3115
3097
5108
4019
4047
5510
6125
6637
7236
5113
7897
7906
7918
5120
7919
7951
7957
7947
7956
7925
7944
7929
7962
1082
3141
8906
8917
7965
5007
7905
7954
7909
7242
7911
7917
6642
8042
6144
1016
1013
1022
8833
3039
8830
7971
8889
7970
6617
7938
7879
4050
7884
8905
8903
7239
6123
6122
6121
1012
8446
7822
7841
8862
8879
7834
7866
8815
7796
8860
7860
8893
8888
7992
8927
8911
7982
7961
7935
7973
7968
7934
7930
7745
7805
7875
8852
8863
3931
3930
3929
3928
3927
3926
3925
3924
3923
3922
3921
3920
3919
3918
3917
3916
3915
3914
3913
3912
3911
3910
3909
3908
3907
3906
3905
3904
3903
3902
3901
3900
3899
3898
3897
3896
3895
3894
3893
3892
3891
3890
3889
3888
3887
3886
3885
3884
3883
3882
3881
3880
3879
3878
3877
3876
3875
3874
3873
3872
3871
3870
3869
3868
3867
3866
3865
3864
3863
3862
3861
3860
3859
3858
3857
3856
3855
3854
3853
3852
3851
3850
3849
3848
3847
3846
3845
3844
3843
3842
3841
3840
3839
3838
3837
3836
3835
3834
3833
3832
3831
3830
3829
3828
3827
3826
3825
3824
3823
3822
3821
3820
3819
3818
3817
3816
3815
3814
3813
3812
3811
3810
3809
3808
3807
3806
3805
3804
3803
3802
3801
3800
3799
3798
3797
3796
3795
3794
3793
3792
3791
3790
3789
3788
3787
3786
3785
3784
3783
3782
3781
3780
3779
3778
3777
3776
3775
3774
3773
3772
3771
3770
3769
3768
3767
3766
3765
3764
3763
3762
3761
3760
3759
3758
3757
3756
3755
3754
3753
3752
3751
3750
3749
3748
3747
3746
3745
3744
3743
3742
3741
3740
3739
3738
3737
3736
3735
3734
3733
3732
3731
3730
3729
3728
3727
3726
3725
3724
3723
3722
3721
3720
3719
3718
3717
3716
3715
3714
3713
3712
3711
3710
3709
3708
3707
3706
3705
3704
3703
3702
3701
3700
3699
3698
3697
3696
3154
3153
3695
3694
3693
3692
3691
3690
3689
3688
3687
3686
3685
3684
3683
3682
3681
3680
3679
3678
3677
3676
3675
3674
3673
3672
3671
3670
3669
3668
3667
3666
3665
3664
3663
3662
3661
3660
3659
3658
3657
3656
3655
3654
3653
3652
3651
3650
3649
3648
3647
3646
3645
3644
3643
3642
3641
3640
3639
3638
3637
3636
3635
3634
3633
3632
3631
3630
3629
3628
3627
3626
3625
3624
3623
3622
3621
3620
3619
3618
3617
3616
3615
3614
8891
8895
8922
8117
5137
4106
5148
1076
6147
3516
3517
8445
8853
8810
7758
7739
3090
3123
8887
7816
6161
6611
7436
7861
1018
8821
8868
7878
7899
7828
7772
7156
7207
7104
3152
8907
7966
7912
7895
6653
6131
6120
3099
3095
3085
3070
3064
3058
3049
3046
7433
3094
3028
3043
3042
3038
3034
3040
3033
7112
9902
8813
7837
8399
3151
8413
9914
9913
9912
9911
8441
8404
8436
8435
8407
7428
7411
7407
1074
3036
1011
3037
8408
8410
8402
8403
3613
1068
7994
1075
8418
3077
3017
3016
7098
7427
8447
7948
8828
8883
5153
7851
1023
5501
7409
1072
1030
8452
8440
8457
8415
8412
8439
8454
8422
8411
7412
6666
7432
7414
7413
7410
7406
7405
7404
7402
7277
7278
7403
7422
7815
3147
3146
1048
8442
8432
8430
7438
7437
7420
6670
6668
7883
3514
3512
3515
6049
7735
3513
3518
8898
8443
8437
8429
8428
8401
7435
7430
7425
7418
6669
8431
8423
8400
7429
7424
7400
6671
8923
3559
3558
3577
3563
3543
3540
3530
3580
3581
3546
3521
3561
3532
3536
3537
3538
3539
3525
3551
3553
3555
3567
3572
3570
3528
3548
3527
3531
3535
3533
3523
3524
3565
3568
3520
3578
3542
3519
3579
3534
3576
3556
3603
3544
3582
3571
3602
3596
3575
3522
3612
3589
3557
3566
3590
3545
3560
3605
3599
3529
3584
3547
3550
3600
3588
3611
3573
3574
3586
3608
3595
3604
3587
3583
3598
3607
3549
3554
3591
3594
3592
3606
3541
3609
3593
3552
3526
3562
3585
3610
3601
3569
8420
7434
7419
8873
7836
7853
7714
5504
6646
1070
8444
8427
7421
3510
3509
3508
7255
8135
5147
7832
7894
7028
3511
3507
3506
3505
3504
3503
3502
1066
7417
1071
7423
8419
8426
8425
1065
8438
7730
1067
1063
8935
7267
1060
6624
7220
7830
7838
7977
5122
7793
7827
7903
7835
7217
8933
7901
8122
7252
6171
5154
5127
8936
7865
1059
3134
3019
1062
2146826273
1045
3048
8840
7259
1061
1041
7785
7722
8914
8406
7094
7848
6170
7273
1058
1057
1056
1055
1054
7833
7955
7719
7791
7869
8829
8843
4049
7088
8104
7274
7882
7275
7263
3138
3137
3136
1053
1052
1051
1050
1049
1047
1037
1027
3013
7847
7949
6110
3063
3053
1034
7276
7839
7724
7767
7224
7107
8849
2001
8902
1043
7784
7820
7831
7846
7729
7752
7876
7177
8896
6648
1042
8811
7840
7759
7826
7214
5082
5128
5123
3026
8931
7872
7877
7910
8807
7272
6152
1039
789
3032
4401
3030
3139
3135
3133
3132
3131
3122
3121
1036
3130
3129
3128
8128
6651
7873
8881
3092
3069
3005
6146
8134
8133
8132
8131
8130
8129
8127
7271
7270
7269
7268
6166
7254
5507
3093
3091
4031
3014
3001
1009
8126
8125
8124
8123
8121
7260
7258
7257
7256
7250
7247
7246
6165
6164
6163
6162
6160
6150
6149
6148
6145
6143
6142
6141
6140
6138
6136
5152
5151
5150
5146
5145
5144
5143
5142
5141
5140
5139
5138
5136
5135
5134
5133
5132
5131
5130
5129
5126
5125
5124
4110
4109
4108
4107
4105
4104
4103
4102
3035
8858
7945
7896
7773
7787
7763
7152
5093
3015
8894
8901
7868
6618
6623
3066
3065
8120
7266
7265
7264
7262
7261
6159
6158
6157
6156
6155
6154
6153
6151
6079
3111
1031
7979
7813
7119
6626
6104
6105
4046
5047
3127
3126
3125
3124
3120
3119
3118
3117
3116
3114
3113
3112
3108
3107
3105
3104
3103
3102
3101
3100
3096
8920
6647
8908
8102
6655
8892
7976
7769
1010
7817
7762
7218
7149
7162
7194
7141
6109
5088
4029
3089
3088
3087
3084
3083
3082
3081
3080
3079
3078
3076
3075
3074
7854
5505
7881
7800
7221
6622
5096
6048
7953
1029
1019
1028
1025
1021
1020
1014
3047
8884
3031
6616
8899
8928
8880
8882
8890
7130
7229
6106
7041
8913
8857
8097
6108
1002
7871
3061
3060
3059
3056
3050
8119
8118
8116
8115
8114
8113
8112
7253
7251
9150
8107
8106
8103
7249
7245
7244
7243
6139
6135
1026
1024
8806
7241
5508
1015
5503
3041
8861
7885
3029
3011
7823
7898
7889
7963
7113
8900
5095
8916
7907
7844
8885
7940
7974
7786
6643
8934
6115
4033
7937
7169
9904
8036
8929
8904
8870
7825
7811
7228
7223
7058
5502
5092
5087
8859
8856
8850
8835
8817
8816
8098
8039
7981
7870
7818
8805
5107
7943
7893
7927
7933
6116
7771
8838
8924
7942
6640
8919
6635
7908
8915
4034
6114
6133
4009
5097
5099
5512
8918
8869
4022
8912
6636
5116
6644
6641
7959
6633
7972
8909
7913
7958
7952
7950
7939
7916
6634
8876
6649
6638
7915
8848
6628
7926
4036
4045
6072
1712
6631
7707
7174
6629
7765
6650
4043
4042
6118
5117
5101
4039
4041
6124
7807
5102
7842
7856
8867
7810
7795
5073
6132
5118
5119
5121
6630
5105
5074
8812
5098
7234
8855
6112
7237
6130
5112
1701
6119
7794
8878
5052
5114
6126
4026
7238
7231
4035
6606
7857
7845
5070
7804
7783
8877
7779
6117
5111
4048
6127
6129
7232
5091
5115
9903
5103
8854
6607
6615
7859
7855
6128
7774
7240
6113
4006
7788
6062
7219
7233
7887
7890
7874
7880
5509
6619
6625
7824
8872
8866
6620
5027
8041
4014
8101
8808
4011
7891
6621
4032
7235
7230
8804
5079
7705
7801
6103
7867
8865
5060
8832
6609
6102
6612
7721
6601
8874
7862
7089
8100
7852
7829
7843
7731
6613
6094
6101
6093
6098
7055
6107
7118
7117
1522
7035
8038
7100
6088
8846
7864
8099
8005
7819
7777
7727
7225
8871
7725
7738
7227
5090
5086
8886
8841
1001
7226
6100
7741
7770
5089
7808
7809
7821
7081
7858
7850
7143
4030
7776
7863
8864
5084
8851
7802
7799
8836
7790
205
7213
7212
7803
7849
6092
7782
7215
7216
6099
5085
17003
6614
774
6097
5083
195
6003
7814
8819
7706
6604
5053
225
5075
8842
7200
7778
8822
8802
7750
7740
7711
7792
7710
5081
7138
0001
7208
7812
7102
4028
7755
6058
7734
8033
5077
7775
6608
7195
1
7780
7754
8825
7189
6080
7726
8809
6022
7210
7211
8037
8834
6042
8839
8824
7140
6090
7170
7205
5019
7099
7742
6061
8831
8827
8823
7732
8002
7129
4017
8017
7751
7209
7766
5057
6096
7182
5080
7199
7023
8027
5023
7171
6043
6030
7084
7086
6064
6605
6041
7125
7712
8801
7789
6087
7183
7781
8820
7198
8814
7736
6037
7163
6095
7206
7204
7203
7202
7201
6091
7743
7798
8016
8019
8837
7124
6089
7715
7737
1803
8847
7095
9901
6050
7723
4002
5025
6055
8020
8032
7075
7014
7701
4025
7761
8826
5071
7764
7760
4004
7128
7167
7064
7753
7797
7747
7197
798
7708
5064
5029
7728
8024
7126
8030
7076
5058
7768
6054
7165
7057
7166
7733
6603
6075
5056
7756
1802
5055
5045
5003
5063
8803
6045
6076
5054
5031
5062
7716
7744
5049
5046
4010
7077
6602
4003
7713
7757
7748
4021
7154
7746
6073
7718
7168
7030
7720
5043
8031
4012
6082
6060
6077
1519
7178
1711
4008
1516
5044
4015
6059
6078
4005
1704
1518
4007
5040
7703
4020
1714
5036
7173
6069
7709
5041
7175
5033
5050
6067
5035
7179
6063
17001
5032
1517
7087
7148
8012
7151
7116
5030
7172
7176
6004
6019
7091
7153
8015
7164
16000
6040
7161
6057
7142
5028
5026
7110
5024
6052
7145
7066
6047
7120
7111
8028
783
6056
6051
7005
8014
7108
8021
7106
7002
7150
7101
7137
7131
7133
7115
5011
8025
7072
6038
7123
8011
15001
7039
7121
1511
5014
5020
7136
7114
6032
7109
7132
7146
7078
5016
5017
7025
7147
7105
5013
8026
7135
6021
7134
6053
7144
7096
6036
4001
6014
7038
7127
8013
6046
5015
7097
7074
6044
7082
7103
8003
7045
7050
7085
7006
7073
7067
5008
7047
8092
7080
799
7004
7079
7083
5006
516
6008
285
7071
517
8010
7090
7092
5012
7056
5004
6031
7040
7010
8004
7021
7070
7068
8009
7007
777
6000
7046
7031
6028
7044
7011
6013
6009
6005
7022
6034
7052
7020
7026
6023
7034
5010
7061
1403
7032
6001
7012
8001
5005
7013
7063
7065
6027
6002
6016
7027
6024
6025
5009
8006
6011
7036
795
7053
7051
6017
7029
6010
7024
7008
7033
761
762
6006
792
7043
7054
7060
6026
7019
7016
7017
727
7015
7018
6015
6018
7001
5001
778
518
6007
5002
6012
7003
1702
1706
1606
1707
5
1607
1777
1618
1515
724
788
725
794
746
773
797
791
771
730
740
782
796
630
763
772
780
627
787
717
624
790
779
626
781
623
625
728
786
743
1801
701
1705
1504
511
1612
1614
1505
1617
1521
1404
1737
736
715
1703
1501
1710
512
760
735
714
1610
1611
732
1615
1520
718
731
1616
1613
1609
741
726
1708
215
7
