1009
1013
1016
1018
1022
1023
1045
1059
1062
1063
1065
1066
1068
1071
1072
1073
3001
3005
3014
3019
3030
3069
3085
3086
3090
3091
3121
3122
3123
3132
3133
3134-2
3135
3512
3513
3514
3515
3516
3517
3518
3519
3520
3521
3522
3523
3524
3525
3526
3527
3528
3529
3530
3531
3532
3533
3534
3535
3536
3537
3538
3539
3540
3541
3542
3543
3544
3545
3546
3547
3548
3549
3550
3551
3552
3553
3554
3555
3556
3557
3558
3559
3560
3561
3562
3563
3564
3565
3566
3567
3568
3569
3570
3571
3572
3573
3574
3575
3576
3577
3578
3579
3580
3581
3582
3583
3584
3585
3586
3587
3588
3589
3590
3591
3592
3593
3594
3595
3596
3597
3598
3599
3600
3601
3602
3603
3604
3605
3606
3607
3608
3609
3610
3611
3612
3613
4031
4049
4050
4101
4102
4103
4104
4105
4106
4107
4108
4109
5123
5124
5125
5126
5127
5128
5129
5130
5131
5133
5134
5135
5136
5137
5138
5140
5141
5142
5143
5144
5145
5146
5147
5148
5149
5150
5151
5152
5154
5501
5504
5506
6136
6141
6144
6145
6146
6147
6148
6149
6150
6160
6161
6162
6163
6165
6171
6611
6617
6646
6666
6667
6668
6669
6670
6671
7072
7247
7250
7251
7252
7253
7254
7255
7256
7257
7258
7259
7260
7400
7402
7404
7405
7406
7407
7409
7410
7411
7412
7413
7414
7415
7416
7417
7418
7419
7420
7421
7422
7423
7424
7425
7426
7427
7429
7430
7431
7432
7433
7434
7434_old
7435
7436
7437
7438
7714
7735
7739
7745
7749
7758
7796
7805
7816
7822
7830
7834
7836
7837
7838
7841
7851
7853
7860
7861
7866
7875
7878
7879
7883
7884
7892
7894
7897
7903
7930
7934
7935
7938
7947
7948
7961
7968
7970
7971
7973
7977
7982
7992
7994
8112
8113
8115
8117
8118
8119
8120
8121
8122
8123
8124
8125
8126
8135
8400
8401
8402
8404
8407
8408
8410
8411
8412
8413
8415
8416
8419
8420
8422
8423
8424
8425
8426
8427
8428
8429
8430
8431
8432
8434
8435
8436
8437
8438
8440
8441
8442
8443
8444
8445
8446
8447
8448
8452
8454
8457
8810
8815
8821
8828
8830
8833
8845
8852
8853
8860
8862
8863
8868
8873
8879
8879_левое разобраться
8883
8887
8888
8889
8891
8893
8895
8898
8903
8905
8911
8922
8923
8927
8935
8936
9911
9912
9913
9914
list.bat
list.txt
sync.ffs_db
