9916
9914
9912
9911
8922
8903
8889
8887
8879
8863
8862
8860
8852
8830
8815
8471
8466
8463
8461
8459
8458
8457
8456
8453
8452
8450
8449
8447
8446
8445
8443
8442
8441
8440
8439
8436
8435
8434
8431
8428
8424
8423
8422
8420
8416
8411
8410
8407
8404
8403
8402
8401
8400
8126
8125
8124
8120
8119
8118
8117
8115
7980
7971
7970
7968
7946
7938
7935
7932
7931
7930
7928
7904
7897
7866
7860
7805
7749
7739
7456
7455
7452
7451
7448
7447
7446
7445
7444
7443
7441
7439
7438
7436
7432
7431
7430
7429
7428
7425
7422
7420
7419
7418
7416
7415
7414
7411
7410
7405
7404
7402
7400
7259
7258
7257
7255
7254
7251
6678
6676
6675
6672
6666
6649
6645
6150
6149
6146
6145
6144
5555
5154
5149
5148
5146
5145
5144
5143
5142
5141
5140
5138
5136
5135
5133
5130
5129
5128
5126
5124
5123
4108
4106
4104
4103
4102
4101
4050
4049
4027
3517
3516
3400
3218
3216
3213
3206
3202
3199
3169
3163
3158
3157
3149
3135
3133
3123
3122
3121
3091
3090
3086
3085
3030
3014
3008
3001
1131
1109
1107
1105
1103
1090
1089
1085
1076
1066
1059
1022
1013
1009